timestamp,high,open,low,close,quantity,amount,date,ma_7,ma_20,ma_60,ma_120,ma_453
1538352000,235.88,233.04,224.46,231.61,322900.46128,74363466.5209959,2018-10-01,,,,,
1538438400,232.51,231.62,223.37,225.69,401305.32707,91706335.3382373,2018-10-02,,,,,
1538524800,226.43,225.7,216.51,220.77,275609.26221,60784387.6960889,2018-10-03,,,,,
1538611200,227.16,220.67,219.49,222.66,158137.42967,35468959.258357,2018-10-04,,,,,
1538697600,231.75,222.66,219.35,228.37,137730.35786,30900558.884435,2018-10-05,,,,,
1538784000,228.86,228.36,223.15,225.4,100257.5697,22656352.8166308,2018-10-06,,,,,
1538870400,227.75,225.39,221.48,226.14,74733.67253,16774573.6880058,2018-10-07,225.8057142857143,,,,
1538956800,232.7,226.26,224.21,230.01,210989.42202,48017160.0630845,2018-10-08,225.5771428571429,,,,
1539043200,231.02,230.01,226.56,228.4,100246.1843,22933859.7906438,2018-10-09,225.96428571428572,,,,
1539129600,228.78,228.4,224.05,226.74,122748.21412,27773272.1574484,2018-10-10,226.81714285714287,,,,
1539216000,226.91,226.7,189.01,191.58,497258.82871,101069066.827261,2018-10-11,222.37714285714287,,,,
1539302400,201.87,191.55,190.04,196.96,216448.3922,42627353.0764674,2018-10-12,217.89000000000001,,,,
1539388800,202.78,196.96,196.27,201.3,107215.5262,21498264.311397,2018-10-13,214.44714285714286,,,,
1539475200,203.56,201.39,194.33,197.01,110554.19361,22180535.0688399,2018-10-14,210.28571428571428,,,,
1539561600,239.0,196.84,194.6,214.39,973857.7477,212166629.595073,2018-10-15,208.0542857142857,,,,
1539648000,219.95,214.39,211.55,215.09,145980.09837,31315676.3229606,2018-10-16,206.15285714285716,,,,
1539734400,216.99,215.2,210.0,212.85,153768.85024,32834161.5160167,2018-10-17,204.16857142857143,,,,
1539820800,215.3,212.9,203.53,206.24,150229.60097,31567845.7180902,2018-10-18,206.26285714285714,,,,
1539907200,208.0,206.25,204.21,205.0,254660.48637,52458006.5146688,2018-10-19,207.4114285714286,,,,
1539993600,209.69,205.1,203.57,207.91,62376.6968,12936322.3431964,2018-10-20,208.3557142857143,215.706,,,
1540080000,211.99,207.91,206.74,207.49,83277.36128,17462109.6899969,2018-10-21,209.85285714285715,214.5,,,
1540166400,209.3,207.46,205.0,206.67,206046.89963,42711588.9238288,2018-10-22,208.75,213.54899999999998,,,
1540252800,207.8,206.67,202.14,205.85,112753.0414,23146110.0040041,2018-10-23,207.43,212.80299999999997,,,
1540339200,207.95,205.85,204.73,205.35,97128.82698,20049428.2046269,2018-10-24,206.35857142857142,211.9375,,,
1540425600,205.94,205.35,202.88,203.93,77411.57217,15820355.2048038,2018-10-25,206.02857142857144,210.71550000000002,,,
1540512000,209.0,203.84,203.0,204.92,91143.83291,18707018.7840062,2018-10-26,206.01714285714283,209.6915,,,
1540598400,206.15,204.92,203.09,204.45,50235.68329,10280846.4145438,2018-10-27,205.52285714285713,208.60700000000003,,,
1540684800,205.94,204.45,203.62,204.99,44394.83357,9084565.9157548,2018-10-28,205.16571428571427,207.356,,,
1540771200,205.49,204.99,195.28,196.96,118281.82272,23671711.3937594,2018-10-29,203.77857142857144,205.78400000000002,,,
1540857600,198.6,196.95,195.91,197.27,83633.81463,16501372.8633176,2018-10-30,202.55285714285714,204.3105,,,
1540944000,201.45,197.24,193.01,198.73,114739.70424,22632315.2602598,2018-10-31,201.60714285714286,204.668,,,
1541030400,200.95,198.7,197.88,199.96,86097.98629,17116621.5351845,2018-11-01,201.04,204.81799999999998,,,
1541116800,203.74,199.93,199.34,202.35,97123.22813,19559214.4192249,2018-11-02,200.67285714285714,204.8705,,,
1541203200,202.69,202.31,198.59,200.31,72084.92932,14456528.3775608,2018-11-03,200.0814285714286,205.0355,,,
1541289600,218.76,200.27,199.0,212.11,182534.6216,37959621.568273,2018-11-04,201.09857142857143,204.9215,,,
1541376000,213.39,212.13,207.62,210.66,141432.1406,29714567.4106342,2018-11-05,203.0557142857143,204.7,,,
1541462400,221.25,210.64,209.11,220.74,197797.49527,42534535.8639938,2018-11-06,206.40857142857143,205.09449999999998,,,
1541548800,224.8,220.77,217.01,219.07,204931.0342,45252424.0852285,2018-11-07,209.31428571428572,205.73600000000002,,,
1541635200,220.78,219.06,212.49,212.79,189828.4945,40931506.148422,2018-11-08,211.14714285714285,206.12550000000002,,,
1541721600,215.51,212.79,209.1,210.77,152215.94686,32309082.1975887,2018-11-09,212.35,206.2685,,,
1541808000,215.55,210.78,209.02,213.25,131384.47893,28019225.0100827,2018-11-10,214.1985714285714,206.5565,,,
1541894400,213.99,213.27,209.0,212.54,136268.81156,28875079.8849474,2018-11-11,214.26,206.85,,,
1541980800,214.22,212.6,210.9,212.89,99963.97203,21271725.1845819,2018-11-12,214.57857142857142,207.202,,,
1542067200,213.8,212.91,209.2,209.84,114466.36708,24176049.6062305,2018-11-13,213.02142857142854,207.42649999999998,,,
1542153600,210.3,209.84,176.16,187.43,434676.16832,82531353.9766622,2018-11-14,208.50142857142856,206.6015,,,
1542240000,190.0,187.43,170.99,184.35,452416.10784,81674273.8857771,2018-11-15,204.4385714285714,205.573,,,
1542326400,185.0,184.35,173.0,176.89,241710.34763,43450649.948378,2018-11-16,199.59857142857143,204.195,,,
1542412800,177.91,176.93,173.94,176.2,144804.70986,25452515.6364988,2018-11-17,194.30571428571426,202.7555,,,
1542499200,182.94,176.2,176.1,178.97,141736.32263,25261184.0928033,2018-11-18,189.51,201.856,,,
1542585600,179.33,179.04,146.47,150.81,596789.83916,94639227.0313713,2018-11-19,180.64142857142858,199.533,,,
1542672000,154.7,150.76,126.95,133.82,996552.28721,139191208.455093,2018-11-20,169.78142857142856,196.2875,,,
1542758400,142.01,133.68,127.15,138.23,718957.78552,97819681.4905397,2018-11-21,162.75285714285715,193.201,,,
1542844800,140.4,138.36,125.64,126.63,334674.07185,44837388.4512714,2018-11-22,154.50714285714284,189.41500000000002,,,
1542931200,128.9,126.58,118.56,125.02,504352.24386,62657024.0486937,2018-11-23,147.09714285714284,185.65050000000002,,,
1543017600,130.81,125.0,112.32,114.89,471321.56764,57264800.0665808,2018-11-24,138.33857142857144,180.7895,,,
1543104000,122.35,114.83,102.95,118.67,836233.31252,93723314.1234466,2018-11-25,129.7242857142857,176.19,,,
1543190400,121.5,118.65,106.41,110.68,679477.36231,77209761.8275687,2018-11-26,123.99142857142859,170.68699999999998,,,
1543276800,114.31,110.66,102.36,111.43,524024.40616,56638056.0091172,2018-11-27,120.79285714285713,165.305,,,
1543363200,126.8,111.38,111.37,122.9,578552.74124,68485222.4434163,2018-11-28,118.60285714285713,160.8105,,,
1543449600,124.0,122.88,114.78,117.98,478777.39614,57140533.5732648,2018-11-29,117.36714285714285,156.171,192.71516666666668,,
1543536000,120.26,117.99,111.09,113.73,418593.63529,48362085.7818422,2018-11-30,115.75428571428571,151.195,190.7505,,
1543622400,120.8,113.71,111.35,118.1,330159.06742,38614493.6264599,2018-12-01,116.21285714285715,146.47299999999998,188.95733333333334,,
1543708800,120.73,118.09,116.0,116.57,273657.6215,32184013.7601348,2018-12-02,115.91285714285713,141.65699999999998,187.22066666666666,,
1543795200,116.96,116.63,106.7,108.76,324446.03324,36185196.1948889,2018-12-03,115.63857142857144,136.603,185.32233333333335,,
1543881600,113.2,108.76,106.0,109.94,275321.0063,30365546.7521367,2018-12-04,115.42571428571429,132.7285,183.3485,,
1543968000,110.58,109.92,102.38,102.71,354071.53241,37519336.0718317,2018-12-05,112.54142857142858,128.6465,181.30366666666666,,
1544054400,104.68,102.73,90.2,91.0,586138.59043,58114721.7510634,2018-12-06,108.68714285714286,124.352,179.05133333333333,,
1544140800,96.9,91.18,82.07,93.05,1030073.58467,90499447.337842,2018-12-07,105.73285714285714,120.19449999999999,176.7686666666667,,
1544227200,98.0,93.06,84.55,90.38,698217.12529,63224518.5473893,2018-12-08,101.77285714285713,115.76500000000001,174.46833333333333,,
1544313600,98.7,90.39,88.63,93.26,520519.36023,48533111.8520108,2018-12-09,98.44285714285715,112.8875,172.24366666666666,,
1544400000,95.21,93.26,88.11,89.91,408573.02929,37180525.4573109,2018-12-10,95.74999999999999,110.69200000000001,170.54916666666665,,
1544486400,91.65,89.88,85.83,87.76,339991.84246,30055007.219609,2018-12-11,92.58142857142856,108.1685,168.72916666666666,,
1544572800,91.31,87.77,86.63,89.41,285436.04029,25500398.9286536,2018-12-12,90.68142857142857,106.3075,166.86433333333335,,
1544659200,90.71,89.39,84.71,86.34,331218.30083,29089359.8313012,2018-12-13,90.01571428571427,104.3735,165.01983333333334,,
1544745600,87.25,86.35,82.2,83.82,318003.73427,27041687.8001072,2018-12-14,88.69714285714285,102.82000000000001,162.84366666666665,,
1544832000,85.0,83.82,81.79,83.76,217360.65775,18169124.0002302,2018-12-15,87.75142857142858,101.0745,160.65483333333333,,
1544918400,87.64,83.75,83.73,84.67,241366.76305,20783723.6930707,2018-12-16,86.52428571428572,99.774,158.51850000000002,,
1545004800,97.0,84.68,84.4,94.02,472252.23388,42965553.4158694,2018-12-17,87.11142857142859,98.9035,156.64816666666667,,
1545091200,101.3,94.03,91.34,100.39,529946.79175,50202945.7917017,2018-12-18,88.91571428571429,97.77799999999999,154.90466666666666,,
1545177600,107.55,100.39,97.75,98.74,827748.59096,84862730.2333679,2018-12-19,90.24857142857142,96.816,153.08516666666665,,
1545264000,116.0,98.73,97.88,114.05,859612.57205,93128082.5480073,2018-12-20,94.20714285714287,96.832,151.52783333333335,,
1545350400,118.0,113.71,104.76,107.69,666048.71786,74510414.5879752,2018-12-21,97.61714285714285,96.3115,149.87816666666666,,
1545436800,115.5,107.67,105.38,115.2,405672.83117,44814571.6096925,2018-12-22,102.10857142857142,96.24300000000001,148.36733333333333,,
1545523200,131.94,115.18,114.91,129.03,936094.1049,118250392.555097,2018-12-23,108.44571428571427,97.2565,147.09533333333334,,
1545609600,157.67,129.03,128.8,138.03,1319609.8165,190137361.065877,2018-12-24,114.73285714285714,98.661,145.99699999999999,,
1545696000,139.26,138.01,119.68,127.6,1076164.12809,136600862.042676,2018-12-25,118.61999999999999,99.90549999999999,144.70833333333334,,
1545782400,135.32,127.61,122.51,129.35,794834.05601,102196717.395056,2018-12-26,122.99285714285713,101.82300000000001,143.45666666666665,,
1545868800,131.09,129.35,111.22,113.8,752177.90111,90456912.8883521,2018-12-27,122.95714285714287,102.8605,141.9368333333333,,
1545955200,136.66,113.75,111.87,135.3,894454.19051,111865576.497758,2018-12-28,126.90142857142857,105.10650000000001,140.9091666666667,,
1546041600,145.42,135.3,128.5,132.89,1006654.49844,136479145.942347,2018-12-29,129.42857142857142,107.088,139.83616666666666,,
1546128000,139.0,133.0,127.03,137.77,704259.41614,94804050.4933616,2018-12-30,130.67714285714285,109.481,138.8201666666667,,
1546214400,138.66,137.81,128.7,131.45,484604.83962,64763118.1166383,2018-12-31,129.73714285714286,111.6655,137.67833333333334,,
1546300800,140.67,131.45,130.0,139.1,401776.88797,54280385.598127,2019-01-01,131.37999999999997,114.15,136.62416666666667,,
1546387200,155.37,139.1,137.76,152.01,941486.31524,138801471.118652,2019-01-02,134.61714285714285,117.43349999999998,135.81916666666666,,
1546473600,153.64,152.01,143.11,146.3,708091.31714,104953535.148513,2019-01-03,139.26,120.5575,134.72233333333332,,
1546560000,154.8,146.3,143.54,151.97,805248.93821,120827141.544228,2019-01-04,141.64142857142858,123.96799999999999,133.74416666666667,,
1546646400,159.26,152.08,151.2,152.83,773169.13736,120238339.782219,2019-01-05,144.49,127.376,132.61233333333334,,
1546732800,157.4,152.83,147.51,153.86,627908.47366,95681339.4600648,2019-01-06,146.78857142857143,130.368,131.5255,,
1546819200,155.48,153.89,147.86,149.34,424765.30258,64310962.9190328,2019-01-07,149.34428571428572,132.8155,130.468,,
1546905600,151.65,149.29,145.2,147.6,441661.06778,65535529.7557393,2019-01-08,150.55857142857144,135.2585,129.41516666666666,,
1546992000,151.5,147.62,146.77,148.1,299443.563,44673066.391582,2019-01-09,150.0,136.96099999999998,128.32933333333332,,
1547078400,149.45,148.11,121.0,124.95,871751.75038,114437025.282728,2019-01-10,146.95000000000002,137.824,126.8695,,
1547164800,127.36,124.96,120.08,124.65,545293.98369,67782816.3375987,2019-01-11,143.04714285714286,138.2965,125.39883333333334,,
1547251200,126.19,124.67,122.0,123.35,300262.13404,37295866.3538343,2019-01-12,138.83571428571426,138.0125,123.95733333333332,,
1547337600,124.25,123.35,111.87,114.16,422561.96777,49521201.2764662,2019-01-13,133.16428571428574,136.81900000000002,122.73616666666666,,
1547424000,130.05,114.17,113.94,126.95,546420.40854,66801543.3050366,2019-01-14,129.96571428571428,136.7865,121.77950000000001,,
1547510400,129.4,126.95,116.0,118.95,649020.5297,79985529.5587708,2019-01-15,125.87285714285714,136.2665,120.81383333333333,,
1547596800,126.88,118.93,118.52,121.48,513486.65472,62314225.9960432,2019-01-16,122.07000000000001,136.65050000000002,119.90183333333333,,
1547683200,122.99,121.49,116.8,121.54,447535.22716,53854069.2105117,2019-01-17,121.58285714285715,135.9625,118.94466666666666,,
1547769600,121.98,121.56,117.66,119.17,235646.684,28305971.6688854,2019-01-18,120.79999999999998,135.2765,118.41733333333333,,
1547856000,125.29,119.16,119.14,122.6,323303.79296,39715159.1649606,2019-01-19,120.69285714285715,134.518,118.23033333333335,,
1547942400,123.32,122.61,115.68,117.47,451792.85352,53833668.9066349,2019-01-20,121.16571428571429,133.81900000000002,117.88433333333333,,
1548028800,118.5,117.56,113.61,115.63,303632.93463,35258073.4282649,2019-01-21,119.54857142857144,132.6455,117.701,,
1548115200,119.49,115.62,111.39,117.81,359542.63873,41777737.4704705,2019-01-22,119.38571428571429,130.9355,117.58083333333335,,
1548201600,118.95,117.8,114.8,116.44,230247.61578,26975386.3924584,2019-01-23,118.66571428571429,129.4425,117.60666666666665,,
1548288000,117.15,116.4,113.61,116.39,216242.29829,25044265.7542041,2019-01-24,117.92999999999999,127.66350000000003,117.56866666666666,,
1548374400,117.5,116.4,114.3,115.11,198617.08108,22977175.9541193,2019-01-25,117.35,125.77749999999999,117.64249999999998,,
1548460800,118.0,115.13,115.0,115.34,146216.82819,16978386.1972377,2019-01-26,116.31285714285715,123.85150000000002,117.70766666666667,,
1548547200,116.15,115.32,111.04,112.05,247369.60555,28158012.7304768,2019-01-27,115.53857142857143,121.98700000000001,117.52683333333333,,
1548633600,112.87,112.04,100.91,105.5,566205.78288,60050129.3863579,2019-01-28,114.09142857142857,119.88200000000002,117.31883333333333,155.017,
1548720000,106.61,105.49,102.22,104.45,319768.91348,33427469.3450618,2019-01-29,112.18285714285715,117.69950000000001,117.16416666666666,153.95733333333334,
1548806400,109.8,104.41,103.45,108.29,330968.19265,35368520.135571,2019-01-30,111.01857142857143,116.8665,117.00066666666666,152.97899999999998,
1548892800,110.61,108.29,105.46,106.44,290679.61935,31234353.515393,2019-01-31,109.59714285714287,115.95599999999999,116.83183333333334,152.02625,
1548979200,108.35,106.47,103.77,106.73,243149.88435,25791535.1460238,2019-02-01,108.39999999999999,115.125,116.798,151.06016666666667,
1549065600,111.15,106.71,106.07,110.42,186908.7573,20153872.302919,2019-02-02,107.69714285714285,114.93800000000002,116.806,150.07725,
1549152000,111.11,110.41,105.82,107.36,227211.54064,24605892.2887283,2019-02-03,107.02714285714286,113.95849999999999,116.88349999999998,149.09358333333333,
1549238400,109.3,107.33,106.57,107.68,160850.10293,17312736.6001502,2019-02-04,107.33857142857143,113.39500000000001,117.16149999999999,148.10641666666666,
1549324800,108.18,107.65,106.47,107.27,159730.1886,17137008.2478395,2019-02-05,107.74142857142856,112.6845,117.3985,147.08358333333334,
1549411200,107.83,107.28,101.21,104.5,337204.30254,34984364.2970212,2019-02-06,107.2,111.83250000000001,117.63383333333334,146.05108333333334,
1549497600,106.18,104.49,103.82,104.48,147942.07683,15530160.6471066,2019-02-07,106.91999999999999,111.098,117.82083333333334,145.03225,
1549584000,123.0,104.48,103.41,119.25,589950.64925,67027886.9398639,2019-02-08,108.70857142857143,110.93050000000001,118.30983333333333,144.42950000000002,
1549670400,121.99,119.32,117.64,119.19,328067.9574,39061582.3914826,2019-02-09,109.96142857142857,111.01650000000002,118.83366666666667,143.78141666666664,
1549756800,126.49,119.19,115.81,125.12,385819.09619,45929459.1290131,2019-02-10,112.49857142857142,111.49100000000001,119.42883333333334,143.14658333333333,
1549843200,125.28,125.12,119.24,120.89,389405.30404,47197595.845191,2019-02-11,114.38571428571429,111.64500000000001,120.00466666666667,142.51225000000002,
1549929600,123.89,120.88,118.18,122.41,343765.66987,41603632.811699,2019-02-12,116.54857142857144,111.94350000000001,120.64783333333335,141.74575000000002,
1550016000,126.47,122.4,120.7,121.86,317827.31956,39073077.8391656,2019-02-13,119.02857142857144,112.21699999999998,121.28283333333334,140.96883333333335,
1550102400,124.5,121.86,120.1,120.42,297205.78738,36278326.0774455,2019-02-14,121.30571428571429,112.4825,121.87866666666667,140.19858333333332,
1550188800,124.25,120.47,120.19,121.67,255296.0814,31111280.2093057,2019-02-15,121.65142857142858,112.799,122.3395,139.49383333333336,
1550275200,124.99,121.66,121.54,122.67,215320.70134,26462034.6125396,2019-02-16,122.14857142857143,113.33,122.71083333333334,138.80775,
1550361600,135.61,122.67,122.43,133.75,614788.60078,78958054.9589805,2019-02-17,123.38142857142857,114.74249999999999,123.29433333333334,138.18975,
1550448000,148.3,133.77,132.42,145.69,1079830.1502,152756654.645478,2019-02-18,126.92428571428572,116.8045,123.82166666666667,137.67475000000002,
1550534400,150.0,145.69,142.36,143.44,747968.90445,109645050.466097,2019-02-19,129.92857142857142,118.56199999999998,124.41749999999999,137.14783333333332,
1550620800,149.52,143.45,139.6,148.44,614303.61007,89136482.3716519,2019-02-20,133.72571428571428,120.66199999999999,124.9715,136.66941666666668,
1550707200,149.61,148.42,142.7,145.69,447364.40873,65199779.5124385,2019-02-21,137.3357142857143,122.60999999999999,125.24916666666667,136.17225,
1550793600,148.85,145.68,143.85,147.36,366251.18542,53771600.8025665,2019-02-22,141.00571428571428,124.457,125.40466666666667,135.70083333333335,
1550880000,159.6,147.4,145.78,157.79,588183.72896,89997516.9234365,2019-02-23,146.02285714285713,126.97850000000001,125.90783333333334,135.30808333333331,
1550966400,166.0,157.75,131.7,132.1,1260506.80672,186688063.414179,2019-02-24,145.78714285714287,128.1995,125.95366666666665,134.70516666666666,
1551052800,141.55,132.1,131.89,137.87,801147.09543,110348892.970024,2019-02-25,144.67,129.7295,126.35483333333335,134.14583333333334,
1551139200,138.41,137.88,133.72,136.22,432944.17033,58979934.7160016,2019-02-26,143.63857142857142,131.3155,126.37016666666666,133.63966666666667,
1551225600,140.29,136.22,126.84,135.02,567202.61035,76519497.9080148,2019-02-27,141.72142857142856,132.8425,126.40566666666668,133.12091666666666,
1551312000,139.0,135.03,132.1,135.34,579327.31749,78861797.5593921,2019-02-28,140.24285714285716,133.647,126.36516666666668,132.59266666666667,
1551398400,137.95,135.32,134.9,135.32,302632.02831,41198722.5798789,2019-03-01,138.52285714285713,134.4535,126.42966666666666,132.054,
1551484800,136.12,135.32,130.03,132.56,297005.28093,39467507.6857296,2019-03-02,134.91857142857143,134.82549999999998,126.32066666666667,131.47241666666665,
1551571200,134.6,132.54,128.01,130.6,222453.2859,29447917.2382588,2019-03-03,134.70428571428573,135.311,125.96383333333333,130.8915,
1551657600,131.11,130.6,122.6,125.65,403947.79445,51060349.7665833,2019-03-04,132.95857142857145,135.47299999999998,125.61966666666666,130.171,
1551744000,137.84,125.68,125.19,136.72,512631.23178,67740644.3311417,2019-03-05,133.03,136.216,125.36550000000001,129.55483333333333,
1551830400,140.29,136.71,133.33,137.4,428826.87415,58701328.649431,2019-03-06,133.37,137.065,125.10833333333333,128.86033333333333,
1551916800,140.2,137.37,135.2,136.81,307336.4931,42271691.2428617,2019-03-07,133.57999999999998,137.822,124.82416666666667,128.17483333333334,
1552003200,139.34,136.82,130.62,133.52,330283.58233,44879637.3870354,2019-03-08,133.32285714285715,138.3645,124.5605,127.51425,
1552089600,138.65,133.51,132.93,137.27,279861.12049,38220614.005662,2019-03-09,133.99571428571429,138.5405,124.38833333333334,126.90175,
1552176000,137.5,137.27,134.0,135.37,203965.16815,27650702.3793393,2019-03-10,134.67714285714288,138.0245,124.17616666666666,126.25275,
1552262400,136.15,135.37,131.0,132.67,264587.00683,35285847.7482702,2019-03-11,135.68,137.48600000000002,124.30483333333333,125.58716666666666,
1552348800,135.3,132.67,130.77,133.57,194905.96843,25981446.1033466,2019-03-12,135.23,136.7425,124.4535,124.92616666666666,
1552435200,133.65,133.62,130.58,131.65,209456.09848,27670734.4309227,2019-03-13,134.40857142857143,136.0405,124.59183333333334,124.27458333333333,
1552521600,135.11,131.69,128.52,132.2,258413.81868,34099414.8055834,2019-03-14,133.75,135.2825,124.8925,123.81433333333332,
1552608000,137.62,132.24,132.18,136.56,295832.26562,39928522.3372778,2019-03-15,134.18428571428572,134.221,125.05266666666667,123.41608333333332,
1552694400,144.47,136.6,136.51,140.92,474664.10197,66878173.4518186,2019-03-16,134.70571428571427,134.662,125.41883333333334,123.11633333333333,
1552780800,141.07,140.94,137.2,138.67,252697.08148,35051209.9303395,2019-03-17,135.17714285714285,134.702,125.70533333333334,122.80358333333334,
1552867200,142.01,138.67,136.1,137.59,281718.96195,39017864.9224565,2019-03-18,135.88,134.7705,125.97283333333333,122.45875,
1552953600,139.38,137.62,136.97,138.55,218577.45208,30175322.0784989,2019-03-19,136.59142857142857,134.947,126.29583333333333,122.35658333333335,
1553040000,139.66,138.56,136.01,139.01,222883.51754,30757997.8115518,2019-03-20,137.64285714285714,135.13049999999998,126.56933333333333,122.39983333333333,
1553126400,139.55,139.04,131.21,134.85,312531.39368,42635937.4891712,2019-03-21,138.02142857142857,135.10700000000003,126.85900000000001,122.37166666666667,
1553212800,137.2,134.85,134.29,135.98,186119.74745,25309122.7264498,2019-03-22,137.9385714285714,135.27800000000002,127.19816666666667,122.44958333333334,
1553299200,138.21,135.92,135.6,137.28,174710.43059,23922572.3588934,2019-03-23,137.41857142857143,135.612,127.52266666666667,122.55175,
1553385600,137.37,137.28,134.75,136.09,198490.45124,27042322.6952009,2019-03-24,137.05,136.13400000000001,127.85016666666667,122.72841666666666,
1553472000,136.83,136.12,131.6,133.98,230880.285,31082445.5932449,2019-03-25,136.53428571428572,135.997,128.14333333333335,122.856,
1553558400,134.74,133.97,132.27,134.18,183139.11426,24490323.0607397,2019-03-26,135.91,135.83599999999998,128.46116666666666,123.05183333333333,
1553644800,140.14,134.14,133.84,139.45,317167.45325,43635238.4289265,2019-03-27,135.97285714285712,135.968,128.863,123.28533333333333,
1553731200,139.57,139.46,137.3,137.86,163185.6991,22543474.6122913,2019-03-28,136.40285714285716,136.185,129.29316666666668,123.41,
1553817600,143.6,137.85,137.62,143.25,235853.0454,33098245.9556135,2019-03-29,137.4414285714286,136.48399999999998,129.92233333333334,123.62058333333333,
1553904000,145.89,143.25,140.06,142.46,254798.70067,36382647.2268952,2019-03-30,138.18142857142857,136.8385,130.55583333333334,123.86,
1553990400,142.5,142.44,140.42,141.38,142469.21171,20131931.6990724,2019-03-31,138.93714285714285,137.274,131.10733333333334,124.054,
1554076800,143.08,141.41,139.57,141.24,234310.19161,33234998.6438733,2019-04-01,139.9742857142857,137.65749999999997,131.68733333333333,124.25958333333332,
1554163200,165.6,141.24,141.0,163.31,906868.8586,138094679.302043,2019-04-02,144.1357142857143,139.24050000000003,132.63033333333334,124.71416666666667,
1554249600,177.81,163.26,149.23,159.96,1345344.53845,225523896.201466,2019-04-03,147.06571428571428,140.62849999999997,133.456,125.131,
1554336000,164.0,159.96,152.8,157.36,686080.95248,109082183.587735,2019-04-04,149.85142857142858,141.6685,134.28933333333333,125.58641666666668,
1554422400,167.83,157.33,155.94,164.77,516070.34553,84123101.326904,2019-04-05,152.9257142857143,142.861,135.24083333333334,126.20116666666668,
1554508800,172.77,164.84,159.2,165.5,528168.33297,87657058.1149817,2019-04-06,156.21714285714285,144.2025,136.21133333333333,126.80491666666667,
1554595200,175.43,165.56,164.06,174.21,465507.52497,78876773.2967177,2019-04-07,160.90714285714287,146.0335,137.37316666666666,127.5035,
1554681600,185.87,174.29,170.9,178.72,873410.07285,156417981.302118,2019-04-08,166.26142857142858,148.042,138.61050000000003,128.21566666666666,
1554768000,179.17,178.71,171.05,174.6,431986.36108,75745619.5720787,2019-04-09,167.87428571428572,149.82150000000001,139.533,128.92141666666666,
1554854400,183.77,174.58,168.0,177.12,523943.20498,93283836.587114,2019-04-10,170.32571428571427,151.935,140.4985,129.66608333333335,
1554940800,177.48,177.12,158.27,164.07,661305.30321,110201659.947876,2019-04-11,171.28428571428572,153.33950000000002,141.14766666666668,130.28825,
1555027200,166.5,164.06,158.11,163.19,316337.87823,51556919.1461367,2019-04-12,171.0585714285714,154.63500000000002,141.85266666666666,130.92866666666666,
1555113600,165.37,163.2,160.74,162.99,179237.74574,29247030.1526373,2019-04-13,170.7,155.98,142.529,131.58841666666666,
1555200000,168.11,162.99,161.2,167.23,186977.66211,30640985.0609499,2019-04-14,169.70285714285714,157.64249999999998,143.28516666666667,132.284,
1555286400,168.81,167.21,155.7,159.95,351548.9079,57215098.1117043,2019-04-15,167.02142857142854,158.93099999999998,143.94400000000002,132.91133333333335,
1555372800,166.73,159.91,159.41,165.37,240370.50441,39245823.494595,2019-04-16,165.70285714285714,160.22700000000003,144.67233333333334,133.50591666666665,
1555459200,167.28,165.41,163.78,165.75,227841.54981,37678036.5964673,2019-04-17,164.07857142857142,161.62150000000003,145.39033333333333,134.05058333333332,
1555545600,175.2,165.75,165.04,173.33,396118.94407,68031293.2325779,2019-04-18,165.40142857142857,163.12550000000002,146.05,134.67216666666667,
1555632000,173.55,173.34,168.59,172.64,320541.72166,54991300.1097207,2019-04-19,166.75142857142856,164.6345,146.49916666666667,135.16041666666666,
1555718400,176.97,172.66,169.87,172.88,253596.48407,43939979.0160537,2019-04-20,168.16428571428574,166.2095,146.98983333333334,135.70366666666666,
1555804800,173.48,172.89,164.82,168.59,283450.43943,47781349.4020958,2019-04-21,168.35857142857142,167.577,147.32566666666668,136.14858333333333,
1555891200,172.3,168.59,167.0,170.52,269868.39876,45832751.057015,2019-04-22,169.8685714285714,167.9375,147.73950000000002,136.49433333333334,
1555977600,175.83,170.52,167.78,169.16,363523.34531,62784241.170476,2019-04-23,170.41000000000003,168.3975,148.10283333333334,136.75375,
1556064000,169.87,169.15,159.26,164.78,426497.04153,70076178.2845027,2019-04-24,170.27142857142857,168.7685,148.21933333333334,137.06358333333336,
1556150400,165.49,164.78,150.35,154.72,422657.03239,67326464.6484704,2019-04-25,167.61285714285714,168.26600000000002,148.59633333333335,137.275,
1556236800,162.56,154.7,151.4,157.95,500355.86283,78334214.8744062,2019-04-26,165.5142857142857,167.8885,148.93099999999998,137.64291666666668,
1556323200,166.24,157.93,156.35,159.31,215918.63842,34294277.9954465,2019-04-27,163.57571428571427,167.1435,149.31583333333336,137.843,
1556409600,160.24,159.32,156.92,157.85,152976.30181,24304182.1410825,2019-04-28,162.04142857142855,166.1,149.69633333333334,138.051,
1556496000,159.05,157.86,152.0,155.11,243591.94898,37892463.2904875,2019-04-29,159.84,165.1255,150.0258333333333,138.19549999999998,
1556582400,162.89,155.14,155.11,161.83,305056.24653,48352308.3471109,2019-04-30,158.79285714285714,164.36100000000002,150.46766666666664,138.44866666666667,
1556668800,163.88,161.85,158.36,160.19,192517.62763,30965351.6968463,2019-05-01,158.13714285714286,164.16699999999997,150.92816666666667,138.62441666666666,
1556755200,163.48,160.2,158.5,161.81,289519.02025,46716417.0127823,2019-05-02,159.15,164.098,151.44833333333332,138.70608333333337,
1556841600,170.86,161.82,160.99,168.06,416357.52123,69185162.5971677,2019-05-03,160.59428571428572,164.35150000000002,152.1551666666667,138.88741666666664,
1556928000,171.3,168.1,159.76,163.7,312928.58349,51596174.4008955,2019-05-04,161.2214285714286,164.175,152.60483333333332,138.9851666666667,
1557014400,165.36,163.71,159.18,163.05,176029.10445,28659516.7862457,2019-05-05,161.96428571428572,164.33,153.03233333333336,139.0703333333333,
1557100800,178.05,163.05,157.55,173.0,506528.14278,86112232.475863,2019-05-06,164.52,164.7115,153.6355,139.22983333333332,
1557187200,182.76,172.98,167.89,169.18,732496.87861,129206700.127684,2019-05-07,165.57,164.88299999999998,154.22983333333332,139.39516666666665,
1557273600,173.17,169.07,164.8,170.85,296410.76103,50307994.5847109,2019-05-08,167.09285714285713,164.759,154.78949999999998,139.58891666666668,
1557360000,173.88,170.88,166.57,170.9,284663.99456,48482365.5414184,2019-05-09,168.39142857142858,164.672,155.38166666666666,139.77891666666667,
1557446400,176.7,170.96,168.46,172.91,425543.74021,73717438.6539584,2019-05-10,169.08428571428573,164.6735,156.05233333333334,140.17858333333334,
1557532800,205.23,172.92,172.92,190.2,885292.38389,167180496.76233,2019-05-11,172.86999999999998,165.75400000000002,156.99616666666668,140.72483333333332,
1557619200,204.32,190.2,181.0,188.11,823372.28148,157611011.725251,2019-05-12,176.45000000000002,166.63349999999997,157.93716666666668,141.26450000000003,
1557705600,206.87,188.07,185.32,195.84,669265.46524,131102303.13857,2019-05-13,179.71285714285713,167.9675,158.99783333333335,141.9451666666667,
1557792000,219.81,195.83,194.19,216.4,864211.00603,179717430.310727,2019-05-14,186.45857142857145,170.54850000000002,160.32850000000002,142.69058333333334,
1557878400,250.27,216.4,216.21,248.1,574697.29927,135054369.61757,2019-05-15,197.49428571428572,175.2175,162.11483333333337,143.76683333333332,
1557964800,279.76,248.06,241.76,264.25,1733360.8936,452410350.051738,2019-05-16,210.82999999999998,180.5325,164.20783333333335,144.95658333333333,
1558051200,268.74,264.35,223.43,244.3,1529892.56898,366429299.202803,2019-05-17,221.0285714285714,184.782,165.98633333333333,145.97958333333332,
1558137600,248.0,244.31,230.62,233.6,673218.09982,160450040.806919,2019-05-18,227.22857142857146,188.5695,167.57049999999998,146.93316666666666,
1558224000,264.0,233.57,231.77,259.51,823859.06342,207383027.826484,2019-05-19,237.42857142857142,193.7895,169.57883333333336,148.07408333333333,
1558310400,259.49,259.37,238.0,250.37,666889.82241,165783106.07703,2019-05-20,245.21857142857147,198.21650000000002,171.50416666666666,149.18158333333335,
1558396800,262.0,250.48,246.06,253.43,580249.69753,146749988.273737,2019-05-21,250.50857142857143,202.8785,173.46166666666667,150.32991666666666,
1558483200,260.18,253.35,239.63,243.64,592848.95605,149006735.642177,2019-05-22,249.8714285714286,206.97000000000003,175.23433333333332,151.37849999999997,
1558569600,247.34,243.68,231.1,244.56,600193.89368,144051488.877393,2019-05-23,247.05857142857144,210.795,177.04216666666667,152.44616666666667,
1558656000,254.35,244.63,241.54,248.87,447066.92596,111294049.366715,2019-05-24,247.71142857142857,215.05349999999999,178.957,153.55016666666668,
1558742400,257.33,248.84,247.22,250.22,332544.38731,83665127.8436946,2019-05-25,250.08571428571426,219.41199999999998,180.89100000000002,154.67608333333334,
1558828800,269.4,250.17,245.11,264.45,450090.22324,115089467.787958,2019-05-26,250.79142857142855,223.98449999999997,182.9743333333333,155.91866666666667,
1558915200,279.59,264.35,260.0,270.53,635463.50204,170250734.891753,2019-05-27,253.67142857142858,229.05200000000005,185.18550000000002,157.23933333333335,
1559001600,275.95,270.7,264.45,271.03,409443.69364,110617403.689246,2019-05-28,256.18571428571425,234.061,187.31516666666667,158.61875,
1559088000,274.04,271.08,260.05,268.83,383412.45769,102868997.432019,2019-05-29,259.78428571428566,238.95749999999998,189.42133333333334,159.98858333333334,
1559174400,288.62,268.92,240.14,254.56,1066279.49387,289930479.362119,2019-05-30,261.2128571428571,243.03999999999996,191.30766666666668,161.20749999999998,
1559260800,268.72,254.59,245.21,267.9,602153.87244,154783065.770774,2019-05-31,263.93142857142857,246.925,193.41866666666667,162.553,
1559347200,275.5,267.9,260.68,264.33,455676.98613,121851235.759184,2019-06-01,265.94714285714286,250.73600000000002,195.10233333333332,163.86633333333336,
1559433600,273.2,264.33,263.2,268.88,301536.15062,80960737.4054672,2019-06-02,266.58,254.388,196.91766666666666,165.1868333333333,
1559520000,270.0,268.87,248.0,249.91,397360.65275,103602836.683742,2019-06-03,263.6342857142857,256.06350000000003,198.46016666666668,166.37474999999998,
1559606400,251.67,250.02,234.39,241.39,633822.71246,154709331.294187,2019-06-04,259.4,255.72799999999998,199.73716666666667,167.48899999999998,
1559692800,250.41,241.46,237.37,245.63,335953.37927,81839286.6165841,2019-06-05,256.0857142857143,254.79699999999997,201.07266666666663,168.642,
1559779200,250.66,245.62,235.01,248.76,297579.14734,72417630.0041218,2019-06-06,255.25714285714284,255.01999999999998,202.31516666666667,169.8441666666667,
1559865600,253.28,248.77,243.46,248.77,353378.6568,87644279.2486556,2019-06-07,252.52428571428572,255.77850000000004,203.48266666666666,171.0465833333333,
1559952000,250.53,248.78,240.37,243.25,188448.27748,46293916.7909609,2019-06-08,249.51285714285717,254.96550000000002,204.62683333333334,172.07991666666663,
1560038400,244.53,243.33,226.56,230.98,316931.85638,74594101.4163109,2019-06-09,244.0985714285714,253.996,205.5245,173.0115,
1560124800,247.45,231.02,227.03,246.51,314662.52637,75090336.6626488,2019-06-10,243.61285714285714,253.65,206.89849999999998,174.02308333333335,
1560211200,247.8,246.61,236.49,244.29,237508.42798,57549753.7376492,2019-06-11,244.02714285714288,253.68249999999998,208.25016666666667,175.05141666666668,
1560297600,261.87,244.36,242.2,261.15,336499.3016,84660448.5685657,2019-06-12,246.24428571428572,254.512,209.88616666666667,176.20758333333333,
1560384000,262.98,261.13,253.69,254.67,291757.21635,75447391.0373403,2019-06-13,247.08857142857144,254.802,211.3435,177.31433333333334,
1560470400,264.26,254.67,251.75,262.47,327383.28236,84045849.5425799,2019-06-14,249.04571428571424,255.4145,213.05216666666666,178.49808333333334,
1560556800,272.27,262.48,260.61,267.82,286594.98029,76053046.5533358,2019-06-15,252.55571428571426,255.583,214.75966666666667,179.716,
1560643200,277.06,267.78,263.31,267.73,458176.54236,123848161.468952,2019-06-16,257.8057142857143,255.44299999999998,216.45933333333332,180.92483333333334,
1560729600,276.0,267.73,266.81,273.16,339277.66707,91807270.7108816,2019-06-17,261.61285714285714,255.5495,218.1231666666667,182.08658333333332,
1560816000,273.58,273.14,261.45,264.66,319941.55156,85335852.9315235,2019-06-18,264.52285714285716,255.34099999999998,219.65683333333334,183.078,
1560902400,270.0,264.68,263.59,268.14,208375.68381,55665919.1543959,2019-06-19,265.5214285714286,256.02000000000004,221.2445,184.1171666666667,
1560988800,273.63,268.16,265.71,271.22,200717.7737,53998507.956007,2019-06-20,267.8857142857143,256.186,222.95499999999998,185.14033333333333,
1561075200,295.94,271.27,271.22,294.35,519818.06907,148641528.534266,2019-06-21,272.44,257.687,225.01883333333333,186.37916666666666,
1561161600,314.39,294.25,289.69,310.79,726254.67061,222036096.335261,2019-06-22,278.5785714285715,259.78249999999997,227.37933333333334,187.74108333333334,
1561248000,321.7,310.7,305.58,308.52,418812.02747,131252843.529364,2019-06-23,284.4057142857143,262.713,229.775,188.99716666666666,
1561334400,314.41,308.42,298.0,311.64,352791.26964,108439071.644522,2019-06-24,289.90285714285716,266.2255,232.39033333333333,190.49333333333334,
1561420800,318.99,311.65,307.0,318.26,345559.65047,108143161.225622,2019-06-25,297.56,269.857,235.06216666666668,191.99658333333335,
1561507200,366.8,318.29,315.57,339.39,1008551.28721,341534154.532871,2019-06-26,307.73857142857145,274.3885,238.0635,193.68966666666665,
1561593600,347.0,339.53,280.01,298.35,1016826.449,315174509.708483,2019-06-27,311.61428571428576,276.86749999999995,240.40516666666664,195.05075,
1561680000,313.58,298.35,295.22,311.05,529174.47722,161838706.787233,2019-06-28,314.0,280.2575,243.00416666666666,196.515,
1561766400,324.74,310.95,295.18,317.62,425555.16264,130425514.045848,2019-06-29,314.9757142857143,284.5895,245.60066666666668,198.03416666666666,
1561852800,323.5,317.64,290.12,292.7,489028.56835,149527443.579829,2019-06-30,312.71571428571434,286.899,247.80916666666664,199.36866666666666,
1561939200,303.49,292.89,280.13,295.07,489769.27421,142871936.758789,2019-07-01,310.34857142857146,289.438,250.03016666666664,200.73925,
1562025600,297.57,295.03,272.65,291.48,493772.96579,140020251.927751,2019-07-02,306.5228571428571,290.9545,252.08716666666666,202.12116666666665,
1562112000,302.89,291.47,285.0,301.14,370521.96637,109262202.225237,2019-07-03,301.0585714285715,293.278,254.37783333333334,203.49133333333336,
1562198400,302.74,301.11,280.53,282.73,270791.36878,79507234.7409,2019-07-04,298.82714285714286,294.291,256.3725,204.70241666666666,
1562284800,294.89,282.86,280.78,287.47,261139.28341,75165110.6986579,2019-07-05,295.4585714285714,295.2735,258.2803333333333,205.95791666666665,
1562371200,296.71,287.32,285.28,288.29,196064.64705,57137782.5984704,2019-07-06,291.2685714285714,296.3015,260.26550000000003,207.24766666666667,
1562457600,309.69,288.29,284.25,304.72,246111.36595,73170809.7629514,2019-07-07,292.9857142857143,297.8795,262.49666666666667,208.64308333333335,
1562544000,313.74,304.72,300.78,311.97,289607.34177,88890021.7460584,2019-07-08,295.40000000000003,300.245,264.84783333333337,210.11475,
1562630400,318.19,311.96,302.69,307.46,309447.34927,96199378.5403265,2019-07-09,297.6828571428572,302.211,267.0903333333333,211.57133333333334,
1562716800,314.18,307.46,281.04,289.23,457080.94063,135779813.608659,2019-07-10,295.98142857142864,303.11150000000004,268.74083333333334,212.8685,
1562803200,289.23,289.23,262.12,268.63,501592.75211,136450969.645271,2019-07-11,293.96714285714285,301.82550000000003,270.0828333333333,214.01000000000002,
1562889600,278.99,268.67,266.21,274.62,266734.54213,72743548.0414527,2019-07-12,292.13142857142856,300.017,271.3958333333333,215.19683333333333,
1562976000,275.04,274.53,262.2,268.79,205959.26849,55323572.09371,2019-07-13,289.3457142857143,298.03049999999996,272.269,216.29875,
1563062400,269.74,268.8,222.81,225.85,540052.58421,130785858.999852,2019-07-14,278.0785714285714,293.74100000000004,271.89816666666667,217.0065,
1563148800,235.58,225.83,203.08,228.2,715991.20688,159784811.637237,2019-07-15,266.1114285714286,289.238,271.2973333333333,217.75258333333335,
1563235200,234.5,228.2,192.25,198.88,715604.83198,151473621.645151,2019-07-16,250.6,282.2125,270.5403333333333,218.26333333333335,
1563321600,219.86,198.94,191.84,210.81,694854.10132,143020071.961919,2019-07-17,239.39714285714285,277.8355,270.1605,218.8655,
1563408000,229.65,210.8,205.71,225.73,609081.49094,132637638.790155,2019-07-18,233.26857142857142,273.5695,269.5975,219.58816666666664,
1563494400,226.23,225.75,212.52,220.73,371622.21865,81600507.572648,2019-07-19,225.57,268.725,269.1035,220.30383333333333,
1563580800,235.09,220.84,219.78,228.2,325393.97225,74182517.2396253,2019-07-20,219.77142857142854,265.5,268.683,221.07233333333335,
1563667200,229.66,228.25,216.99,225.38,270046.1519,60421739.0469762,2019-07-21,219.7042857142857,262.0155,268.3786666666667,221.8065,
1563753600,228.34,225.49,212.25,217.51,271310.40446,59602149.0419698,2019-07-22,218.17714285714283,258.317,267.92783333333335,222.48499999999999,
1563840000,219.55,217.59,208.36,212.48,317876.48242,67930201.6731321,2019-07-23,220.11999999999998,253.88400000000001,267.32133333333337,223.13916666666665,
1563926400,218.28,212.55,202.0,216.31,331162.6484,69281797.0165171,2019-07-24,220.9057142857143,250.56300000000002,266.7561666666667,223.82358333333332,
1564012800,225.12,216.31,215.23,219.14,280370.29627,62017449.3573358,2019-07-25,219.96428571428572,247.1465,266.00100000000003,224.48766666666668,
1564099200,220.0,219.14,212.71,218.81,197781.98653,42839496.5355307,2019-07-26,219.69,243.67249999999999,265.139,225.16225,
1564185600,223.3,218.81,203.0,207.3,301209.41113,63931823.1551626,2019-07-27,216.7042857142857,238.80149999999998,264.07683333333335,225.696,
1564272000,213.52,207.3,198.24,211.62,218801.16693,45414505.7900188,2019-07-28,214.73857142857145,233.78399999999996,263.12333333333333,226.27233333333334,
1564358400,215.83,211.58,206.59,210.89,226941.28,47853275.1272464,2019-07-29,213.79285714285717,228.95549999999997,262.39549999999997,226.85158333333337,
1564444800,214.36,210.84,204.4,209.58,222683.79393,46627086.4841072,2019-07-30,213.37857142857143,224.973,261.4235,227.4210833333333,
1564531200,218.79,209.57,209.2,218.42,207213.55658,44416634.9002688,2019-07-31,213.68000000000004,222.4625,260.65833333333336,227.88033333333337,
1564617600,219.39,218.42,210.54,216.84,186806.18844,40054998.6824046,2019-08-01,213.35142857142858,219.57350000000002,259.791,228.3543333333333,
1564704000,222.18,216.8,214.31,217.61,206867.03039,45116694.8592759,2019-08-02,213.18,217.0145,259.25266666666664,228.85641666666666,
1564790400,224.51,217.69,216.62,222.14,181591.95296,40285734.5319214,2019-08-03,215.3,216.829,258.9318333333333,229.3345,
1564876800,223.34,222.14,216.9,221.79,135622.0258,29836777.6913328,2019-08-04,216.75285714285715,216.5085,258.5345,229.80358333333334,
1564963200,236.25,221.79,221.79,233.54,307956.27211,70962003.8432999,2019-08-05,219.98857142857145,218.2415,258.28083333333336,230.29799999999997,
1565049600,239.15,233.53,223.03,226.28,341279.08159,78590684.0215889,2019-08-06,222.3742857142857,219.01500000000001,257.906,230.69433333333333,
1565136000,231.25,226.31,220.95,226.1,279104.7037,63135096.4855769,2019-08-07,223.47142857142856,219.0335,257.62016666666665,231.1235,
1565222400,228.5,226.11,215.51,221.39,236886.35423,52730777.0692849,2019-08-08,224.12142857142857,219.0665,257.4603333333333,231.49241666666666,
1565308800,221.79,221.38,207.3,210.53,232062.12757,49415315.754676,2019-08-09,223.10999999999999,218.18300000000005,256.86066666666665,231.87958333333333,
1565395200,215.0,210.52,202.6,206.48,252614.02389,52534644.5700389,2019-08-10,220.87285714285713,217.238,256.2305,232.24033333333333,
1565481600,216.94,206.48,206.14,216.42,188474.09048,39875149.5480282,2019-08-11,220.1057142857143,217.1835,255.485,232.68558333333334,
1565568000,216.81,216.41,209.75,211.41,122760.94619,26091487.959004,2019-08-12,216.9442857142857,217.12999999999997,254.764,233.05375,
1565654400,214.3,211.58,204.0,209.3,166922.48201,34861802.3965168,2019-08-13,214.51857142857145,216.7795,253.87783333333334,233.465,
1565740800,209.9,209.31,183.49,187.1,325228.98931,63597043.1885792,2019-08-14,208.94714285714284,215.17749999999995,252.5325,233.64608333333334,
1565827200,189.95,187.08,181.23,188.03,237953.09426,44183760.7061055,2019-08-15,204.18142857142857,213.63849999999996,251.2041666666667,233.83175,
1565913600,188.39,187.98,178.04,184.88,282177.01584,51945182.4708607,2019-08-16,200.5171428571429,212.5175,249.73283333333333,233.92799999999997,
1566000000,187.0,184.83,181.83,185.59,138799.61508,25599796.9046516,2019-08-17,197.53285714285715,211.21599999999998,248.415,234.03591666666665,
1566086400,197.91,185.67,183.35,194.33,175363.5062,33655229.0922308,2019-08-18,194.37714285714284,210.388,247.18483333333333,234.21466666666666,
1566172800,203.59,194.32,192.7,202.28,239541.5978,47675347.062822,2019-08-19,193.07285714285717,210.023,246.03583333333336,234.49541666666664,
1566259200,202.75,202.24,194.45,196.6,189297.75494,37412398.975662,2019-08-20,191.25857142857143,208.93199999999996,244.40666666666667,234.71275000000003,
1566345600,197.2,196.55,179.53,187.45,284973.64194,53434048.9529292,2019-08-21,191.30857142857144,207.4625,242.351,234.86516666666665,
1566432000,195.14,187.45,182.8,190.35,245575.98772,46426395.0486722,2019-08-22,191.64000000000001,206.09949999999998,240.38150000000002,235.07825,
1566518400,196.19,190.36,188.16,194.02,192548.51552,37022930.5704567,2019-08-23,192.94571428571427,204.69350000000003,238.42116666666666,235.40575,
1566604800,194.09,194.02,185.63,190.6,167806.34294,31786227.8626633,2019-08-24,193.6614285714286,203.134,236.29349999999997,235.67783333333333,
1566691200,192.4,190.6,182.8,186.54,169862.91522,31935951.290364,2019-08-25,192.54857142857145,200.784,233.746,235.90475,
1566777600,193.7,186.54,186.0,188.67,254397.79472,48298621.3154217,2019-08-26,190.60428571428568,198.9035,231.918,236.16158333333334,
1566864000,189.49,188.61,184.75,187.24,157898.563,29513243.50055,2019-08-27,189.26714285714283,196.9605,229.8545,236.42933333333335,
1566950400,188.25,187.3,166.48,173.03,334480.61761,59498959.9665215,2019-08-28,187.20714285714283,194.5425,227.44466666666668,236.52266666666665,
1567036800,173.5,173.03,163.61,169.01,295241.216,49838097.1661885,2019-08-29,184.1585714285714,192.4665,225.38316666666665,236.59616666666668,
1567123200,170.77,169.03,165.55,168.5,238616.68868,40216956.5994906,2019-08-30,180.51285714285714,190.5675,223.27366666666666,236.65191666666666,
1567209600,174.98,168.48,165.63,171.57,194999.19583,32983642.8432588,2019-08-31,177.7942857142857,188.325,221.27516666666668,236.68116666666668,
1567296000,173.42,171.52,167.61,170.74,191140.52368,32627380.9318131,2019-09-01,175.53714285714287,186.29149999999998,219.10183333333333,236.73983333333334,
1567382400,181.0,170.73,170.02,178.05,294627.31247,51446380.4485707,2019-09-02,174.02,184.72899999999998,217.35716666666667,236.86483333333337,
1567468800,183.0,178.0,174.09,178.75,327857.85447,58621819.3554533,2019-09-03,172.80714285714288,184.3115,215.54516666666666,236.91275000000002,
1567555200,180.14,178.79,173.0,174.72,286226.25171,50629395.4918831,2019-09-04,173.04857142857145,183.646,213.65233333333333,236.95891666666665,
1567641600,176.19,174.7,168.1,173.75,232753.83596,40247496.5629039,2019-09-05,173.7257142857143,183.0895,211.46949999999998,236.98308333333333,
1567728000,177.87,173.74,165.0,169.08,315822.37984,54567316.6059573,2019-09-06,173.80857142857144,182.264,209.08800000000002,236.96791666666667,
1567814400,180.8,169.11,168.3,177.62,253831.23169,44282963.3065402,2019-09-07,174.67285714285714,181.4285,206.924,237.00716666666668,
1567900800,184.18,177.58,176.13,181.19,290083.47501,52424648.7184664,2019-09-08,176.16571428571427,180.374,205.12333333333333,236.9320833333333,
1567987200,185.38,181.18,176.01,180.54,273729.94868,49340881.2345897,2019-09-09,176.52142857142857,179.571,203.65516666666664,236.869,
1568073600,184.36,180.52,177.0,179.81,238387.50999,43067898.9051214,2019-09-10,176.67285714285714,179.18900000000002,202.075,236.73541666666668,
1568160000,182.8,179.87,173.0,178.28,278555.46708,49657474.9751696,2019-09-11,177.18142857142857,178.5855,200.5665,236.41775,
1568246400,182.38,178.3,176.62,180.72,203543.13663,36419973.2297372,2019-09-12,178.17714285714285,177.9205,199.81433333333334,235.85625,
1568332800,181.38,180.71,177.54,180.95,264422.54059,47382425.1919217,2019-09-13,179.87285714285716,177.438,199.02683333333331,235.16208333333333,
1568419200,188.79,180.96,179.75,188.13,279371.83423,51424561.3917001,2019-09-14,181.3742857142857,177.51749999999998,198.84766666666667,234.694,
1568505600,190.45,188.14,185.76,189.03,288928.60827,54373471.3852245,2019-09-15,182.49428571428572,177.5355,198.48466666666667,234.32258333333337,
1568592000,199.44,189.05,188.3,197.22,551006.81686,106449156.030025,2019-09-16,184.87714285714287,178.0345,198.0095,233.80349999999999,
1568678400,215.13,197.23,195.74,207.84,715863.2262,145945114.869582,2019-09-17,188.88142857142856,179.775,197.79466666666667,233.44908333333333,
1568764800,217.27,207.85,207.66,210.21,539028.51013,114703107.271719,2019-09-18,193.44285714285712,181.835,197.49483333333333,233.08891666666668,
1568851200,223.94,210.27,202.3,220.24,844358.82155,179595728.813838,2019-09-19,199.0885714285714,184.422,197.40916666666666,232.89391666666668,
1568937600,221.54,220.26,212.05,218.03,437804.12669,95069640.6241525,2019-09-20,204.3857142857143,186.745,197.41783333333333,232.67283333333333,
1569024000,221.5,218.01,213.2,215.05,417891.5242,90638548.2352924,2019-09-21,208.23142857142858,188.9605,197.46066666666667,232.39100000000002,
1569110400,215.61,215.04,206.1,211.2,445388.94787,93662351.5045333,2019-09-22,211.39857142857142,190.618,197.37550000000002,232.0658333333333,
1569196800,211.68,211.2,198.65,201.29,392437.07084,80922890.4608859,2019-09-23,211.98000000000002,191.745,197.07799999999997,231.53949999999998,
1569283200,202.98,201.25,150.03,165.81,1478218.82714,263412071.531203,2019-09-24,205.9757142857143,191.29950000000002,196.19466666666668,230.66683333333333,
1569369600,174.85,165.72,161.88,169.96,879001.46213,147619414.135897,2019-09-25,200.2257142857143,191.11,195.57233333333335,229.82458333333335,
1569456000,171.01,169.96,152.11,165.92,779942.17148,127948136.27089,2019-09-26,192.46571428571428,190.952,194.81066666666666,228.967,
1569542400,176.72,165.92,161.03,173.79,634932.96707,106461443.899721,2019-09-27,186.1457142857143,190.7605,194.19233333333335,228.29391666666666,
1569628800,175.49,173.83,168.0,173.49,521775.46593,90120971.1669136,2019-09-28,180.2085714285714,190.3755,193.59083333333334,227.50716666666668,
1569715200,174.5,173.5,164.12,169.24,410855.12176,69327213.6474489,2019-09-29,174.21428571428572,189.8105,192.7711666666667,226.71474999999998,
1569801600,181.24,169.26,165.01,180.85,580295.3997,100443187.771686,2019-09-30,171.2942857142857,189.8625,192.17133333333334,225.98116666666667,
1569888000,185.53,180.89,173.19,175.66,609819.60828,109337395.137933,2019-10-01,172.70142857142858,189.7315,191.47216666666665,225.3624166666667,
1569974400,181.29,175.65,173.65,180.24,348268.1162,61530973.8042317,2019-10-02,174.17000000000002,189.7075,190.77383333333333,224.85283333333334,
1570060800,180.72,180.24,169.55,174.69,354756.78478,62001237.4817829,2019-10-03,175.42285714285714,189.39450000000002,189.98883333333333,224.26166666666668,
1570147200,178.98,174.71,170.74,175.55,333897.63876,58470302.1445434,2019-10-04,175.67428571428573,188.7655,189.02233333333334,223.65158333333332,
1570233600,176.71,175.55,172.02,176.25,278488.61771,48647162.438982,2019-10-05,176.06857142857143,188.1265,188.1885,223.04725000000002,
1570320000,177.04,176.23,167.68,170.1,314932.39629,54241930.1254795,2019-10-06,176.19142857142856,186.7705,187.2551666666667,222.43766666666667,
1570406400,182.32,170.08,168.68,179.85,496523.48038,87617964.5675863,2019-10-07,176.04857142857145,185.371,186.56283333333334,222.01158333333333,
1570492800,184.87,179.88,177.0,180.6,400832.37828,72432729.9845929,2019-10-08,176.75428571428571,183.8905,186.064,221.46233333333333,
1570579200,195.53,180.61,178.96,192.62,562506.82189,105551736.48441,2019-10-09,178.52285714285713,182.5095,185.833,221.03175,
1570665600,194.2,192.61,186.88,191.14,436588.58452,83367952.3933486,2019-10-10,180.87285714285713,181.165,185.41166666666666,220.44833333333335,
1570752000,196.65,191.18,179.41,180.72,621693.63125,115872479.766127,2019-10-11,181.61142857142858,179.44850000000002,184.90016666666668,219.83208333333332,
1570838400,184.64,180.65,177.59,179.68,290415.22038,52895345.3826257,2019-10-12,182.10142857142858,177.8725,184.4065,219.14216666666664,
1570924800,184.95,179.65,178.52,180.99,247589.23231,45067340.4221513,2019-10-13,183.65714285714287,176.85750000000002,184.3046666666667,218.41858333333332,
1571011200,187.54,180.98,180.43,186.72,279732.84612,51494870.2773636,2019-10-14,184.6385714285714,177.903,184.28283333333331,217.74349999999998,
1571097600,188.37,186.7,175.96,180.49,405466.38109,73998014.4472151,2019-10-15,184.62285714285716,178.42950000000002,184.20966666666666,216.97125,
1571184000,181.44,180.52,171.81,174.47,347764.93459,61180262.7759032,2019-10-16,182.03,178.857,184.02433333333332,216.21966666666668,
1571270400,178.96,174.52,172.61,177.16,298795.8198,52578052.9440327,2019-10-17,180.03285714285715,179.0255,183.73816666666664,215.4615,
1571356800,177.44,177.17,168.66,172.74,319602.48508,55285684.61343,2019-10-18,178.89285714285714,178.988,183.24583333333334,214.64083333333332,
1571443200,174.98,172.78,169.44,171.79,296918.73026,51269466.0425387,2019-10-19,177.76571428571427,179.1155,182.83233333333334,213.6195,
1571529600,176.88,171.84,169.21,175.22,299141.07152,51654250.0652548,2019-10-20,176.94142857142856,178.834,182.62849999999997,212.48975000000002,
1571616000,177.9,175.18,171.59,173.98,270608.51385,47204344.2406268,2019-10-21,175.12142857142857,178.75,182.35566666666668,211.36858333333333,
1571702400,175.04,174.0,170.3,171.2,255429.41624,44176123.2085981,2019-10-22,173.79428571428573,178.298,181.9753333333333,210.19825,
1571788800,171.49,171.19,153.45,162.35,746955.09806,121126428.228597,2019-10-23,172.06285714285715,177.68099999999998,181.5045,208.899,
1571875200,163.72,162.35,158.72,160.38,387310.83766,62419095.1068171,2019-10-24,169.66571428571427,176.92249999999999,181.0685,207.40725000000003,
1571961600,187.78,160.39,160.25,181.5,904832.86059,157496890.722602,2019-10-25,170.91714285714286,177.185,180.94899999999998,206.4335,
1572048000,197.74,181.53,173.8,179.49,1211737.43684,222906937.790998,2019-10-26,172.01714285714283,177.6545,180.81983333333335,205.33716666666666,
1572134400,188.7,179.42,176.22,183.75,724423.40525,132329593.39362,2019-10-27,173.2357142857143,177.84949999999998,180.9985,204.22158333333334,
1572220800,189.48,183.84,180.35,181.72,582179.44545,106933716.670613,2019-10-28,174.34142857142857,177.9055,181.21033333333335,203.29675,
1572307200,192.74,181.67,181.26,190.46,529964.5054,99024969.8434844,2019-10-29,177.09285714285713,177.79749999999999,181.57633333333334,202.425,
1572393600,191.71,190.45,179.28,183.13,537770.43056,99508269.890319,2019-10-30,180.0614285714286,177.397,181.76899999999998,201.52208333333334,
1572480000,185.27,183.14,177.66,182.18,410969.86104,74696032.7315675,2019-10-31,183.1757142857143,177.46999999999997,181.95966666666666,200.53074999999998,
1572566400,184.5,182.19,177.02,182.85,331519.76963,60092727.1391759,2019-11-01,183.36857142857144,177.6285,182.03966666666668,199.69841666666665,
1572652800,186.0,182.86,181.53,182.91,179864.39739,32936676.7082053,2019-11-02,183.85714285714286,177.72449999999998,182.109,198.82708333333332,
1572739200,184.7,182.9,178.95,181.54,232621.52147,42260620.3770286,2019-11-03,183.5414285714286,177.4655,182.22266666666667,197.9375,
1572825600,188.64,181.53,180.36,185.71,321175.29134,59357371.3141338,2019-11-04,184.1114285714286,177.7265,182.42200000000003,196.94574999999998,
1572912000,192.51,185.71,182.22,188.68,389668.6472,73036074.7809727,2019-11-05,183.85714285714286,178.43699999999998,182.74866666666665,195.91833333333335,
1572998400,195.09,188.65,187.72,191.16,343219.9224,65471595.2070074,2019-11-06,185.00428571428571,179.137,182.97433333333336,194.94916666666666,
1573084800,192.27,191.16,184.59,186.68,309882.08206,58150631.2768295,2019-11-07,185.64714285714285,179.834,183.0658333333333,194.09458333333333,
1573171200,188.26,186.67,181.41,183.74,365029.75027,67305417.4050575,2019-11-08,185.77428571428572,180.4315,183.1191666666667,193.38716666666667,
1573257600,185.79,183.71,182.63,184.89,192073.38044,35441967.7656995,2019-11-09,186.05714285714288,180.91500000000002,183.20383333333334,192.63941666666668,
1573344000,191.58,184.86,183.3,188.96,274940.53448,51648623.2863399,2019-11-10,187.11714285714285,181.66400000000002,183.38183333333333,191.97416666666666,
1573430400,190.19,188.96,184.06,184.98,255579.93429,47746876.4565624,2019-11-11,187.01285714285717,182.353,183.45283333333333,191.63358333333332,
1573516800,187.65,184.98,182.41,187.09,256782.63119,47636043.3528847,2019-11-12,186.78571428571428,183.58999999999997,183.55516666666665,191.291,
1573603200,189.66,187.09,185.3,188.11,197273.84001,36936429.9359435,2019-11-13,186.35,184.97650000000002,183.5548333333333,191.20125,
1573689600,188.72,188.07,183.34,184.92,245505.29971,45523714.0985551,2019-11-14,186.0985714285714,185.14749999999998,183.48633333333333,190.98550000000003,
1573776000,186.7,184.93,177.67,180.0,407466.78964,74217250.1727187,2019-11-15,185.5642857142857,185.173,183.19933333333333,190.60441666666668,
1573862400,183.46,179.99,179.3,182.37,172801.52576,31378510.0153897,2019-11-16,185.20428571428573,185.10399999999998,182.77483333333333,190.28475,
1573948800,186.09,182.37,180.0,183.82,198892.4372,36509968.6991013,2019-11-17,184.47,185.209,182.335,189.91491666666667,
1574035200,184.06,183.82,175.01,178.2,293551.23632,52985734.2807839,2019-11-18,183.50142857142856,184.596,181.63433333333333,189.52175,
1574121600,178.52,178.2,172.65,175.94,275886.6411,48414106.9569336,2019-11-19,181.90857142857143,184.2365,180.93283333333332,189.17533333333333,
1574208000,177.41,175.93,173.5,174.72,216315.93309,38001672.1930986,2019-11-20,179.99571428571426,183.86350000000002,180.26066666666665,188.86066666666667,
1574294400,175.85,174.75,157.26,161.01,473895.92992,78641896.2303806,2019-11-21,176.57999999999998,182.7715,179.42416666666665,188.39983333333333,
1574380800,162.79,161.02,138.0,149.56,977977.23794,147595324.564393,2019-11-22,172.23142857142858,181.10399999999998,178.562,187.82000000000002,
1574467200,154.33,149.55,146.11,151.84,369721.0996,55595157.5640424,2019-11-23,167.86999999999998,179.619,178.32916666666668,187.26191666666668,
1574553600,152.86,151.84,138.62,139.96,352319.21558,51503705.1777392,2019-11-24,161.6042857142857,177.3315,177.82916666666668,186.70075,
1574640000,151.5,139.99,131.45,145.69,749675.41303,106186791.337165,2019-11-25,156.96,175.18200000000002,177.49200000000002,186.15133333333333,
1574726400,149.97,145.81,143.37,147.47,354023.04298,51873405.0392909,2019-11-26,152.89285714285714,172.9975,177.0533333333333,185.62283333333332,
1574812800,155.54,147.47,140.84,152.62,564796.4284,83505998.0548896,2019-11-27,149.7357142857143,171.2945,176.7055,185.14816666666667,
1574899200,154.63,152.61,149.09,150.72,317714.56326,48324220.6205619,2019-11-28,148.2657142857143,169.6435,176.39683333333332,184.58399999999997,
1574985600,157.6,150.69,150.23,154.57,328712.25558,50649319.1209473,2019-11-29,148.98142857142858,168.1275,175.9588333333333,184.06508333333335,
1575072000,155.25,154.54,149.7,151.37,226863.41299,34617912.1786886,2019-11-30,148.91428571428574,166.248,175.554,183.51308333333333,
1575158400,152.49,151.43,145.79,150.73,344178.14088,51148792.0829982,2019-12-01,150.45285714285714,164.5355,175.06216666666666,182.91800000000003,
1575244800,151.42,150.72,146.71,148.65,233839.0973,34768563.4718647,2019-12-02,150.87571428571428,162.6135,174.62816666666666,182.3085,
1575331200,149.93,148.66,145.77,147.17,196329.22503,29061161.1017757,2019-12-03,150.83285714285714,160.5665,174.15516666666664,181.58875,
1575417600,151.98,147.19,143.15,145.38,434490.46521,63849308.2935722,2019-12-04,149.79857142857142,158.5895,173.64066666666668,180.91458333333333,
1575504000,149.02,145.45,143.64,148.1,299073.53972,43777241.5908236,2019-12-05,149.42428571428573,156.9945,173.27399999999997,180.26458333333332,
1575590400,149.77,148.11,145.74,148.45,220674.68581,32549526.3995979,2019-12-06,148.54999999999998,155.29850000000002,172.75066666666666,179.65675,
1575676800,149.49,148.46,146.85,147.14,140471.68588,20799551.3456956,2019-12-07,147.94571428571427,153.4645,172.193,179.1285,
1575763200,151.62,147.16,146.11,150.44,205301.6026,30606289.2853915,2019-12-08,147.9042857142857,152.0765,171.48999999999998,178.66150000000002,
1575849600,151.19,150.44,146.56,147.38,243775.99249,36345702.3480885,2019-12-09,147.72285714285712,150.64849999999998,170.76066666666665,178.08616666666666,
1575936000,148.57,147.4,143.81,145.56,203215.84937,29746845.4324287,2019-12-10,147.4928571428571,149.19050000000001,170.17466666666667,177.53741666666664,
1576022400,146.34,145.53,142.12,143.39,157843.10484,22772651.1681289,2019-12-11,147.20857142857145,148.3095,169.56983333333335,176.98816666666667,
1576108800,145.85,143.41,139.24,144.87,261615.30437,37425277.0381235,2019-12-12,146.74714285714285,148.075,168.96783333333332,176.63625000000002,
1576195200,146.0,144.87,142.8,144.8,160695.18556,23203419.9616187,2019-12-13,146.22571428571428,147.723,168.26916666666665,176.27599999999998,
1576281600,145.07,144.8,141.18,141.79,126232.59201,18027581.3595459,2019-12-14,145.46142857142857,147.8145,167.62416666666667,175.91691666666668,
1576368000,144.12,141.79,139.92,142.46,151189.65877,21495196.818885,2019-12-15,144.32142857142858,147.653,167.09066666666666,175.5575,
1576454400,142.72,142.46,127.93,132.73,471018.85942,63632055.5849407,2019-12-16,142.22857142857143,146.916,166.35016666666667,175.04416666666665,
1576540800,132.98,132.72,119.11,121.88,563257.36001,71709329.2689193,2019-12-17,138.84571428571428,145.379,165.5025,174.37416666666667,
1576627200,134.87,121.88,116.26,132.78,884960.91334,110566290.569332,2019-12-18,137.32999999999998,144.482,164.85233333333332,173.84233333333333,
1576713600,134.0,132.8,125.69,128.1,420674.8172,53766864.1851899,2019-12-19,134.93428571428572,143.1585,164.067,173.34775000000002,
1576800000,129.39,128.1,125.84,128.19,213897.4673,27266605.4848642,2019-12-20,132.5614285714286,141.99949999999998,163.30383333333333,172.82975,
1576886400,128.4,128.19,126.5,126.99,135196.11641,17199278.7946842,2019-12-21,130.44714285714286,140.81249999999997,162.567,172.27116666666663,
1576972800,133.07,127.0,126.82,132.09,253140.72413,32938501.021757,2019-12-22,128.96571428571428,139.9845,162.06266666666667,171.78358333333333,
1577059200,135.1,132.12,126.0,127.8,421600.75655,55501305.920123,2019-12-23,128.26142857142858,139.01600000000002,161.51966666666667,171.29408333333333,
1577145600,129.69,127.8,126.61,127.75,200637.10098,25667665.1420103,2019-12-24,129.1,138.1345,160.62383333333335,170.7864166666667,
1577232000,127.84,127.7,123.07,125.09,225004.4909,28144469.160729,2019-12-25,128.0014285714286,136.98399999999998,159.71716666666666,170.26850000000002,
1577318400,132.26,125.09,124.32,125.58,274986.52097,34943780.9092039,2019-12-26,127.64142857142858,135.8405,158.74766666666665,169.87308333333334,
1577404800,127.1,125.58,121.91,126.29,240012.37451,30020098.8891311,2019-12-27,127.37,134.798,157.82383333333334,169.51708333333332,177.74615894039735
1577491200,129.68,126.28,125.84,128.11,196893.52277,25177121.1470641,2019-12-28,127.53,133.68149999999997,156.78466666666665,169.1805,177.5176821192053
1577577600,138.07,128.11,127.52,134.36,316347.26666,41893078.3622121,2019-12-29,127.85428571428572,133.03050000000002,155.97183333333334,168.87041666666667,177.31607064017658
1577664000,136.24,134.36,130.3,131.59,320347.21956,42636559.3824152,2019-12-30,128.3957142857143,132.33200000000002,155.12866666666665,168.54416666666668,177.11920529801324
1577750400,133.68,131.61,128.17,129.16,264933.98418,34678632.1795937,2019-12-31,128.59714285714287,131.6205,154.2338333333333,168.13675,176.91280353200884
1577836800,133.05,129.16,128.68,130.77,144770.52197,18952318.5320643,2020-01-01,129.40857142857143,130.9155,153.36483333333334,167.73691666666664,176.69735099337748
1577923200,130.78,130.72,126.38,127.19,213757.05806,27486853.3948215,2020-01-02,129.63857142857142,130.035,152.459,167.34083333333334,176.4805518763797
1578009600,135.14,127.19,125.88,134.35,413055.18895,54139288.2165768,2020-01-03,130.79,129.66299999999998,151.60299999999998,167.0125,176.27792494481236
1578096000,135.85,134.37,132.5,134.2,184276.17102,24641135.568953,2020-01-04,131.66000000000003,129.25,150.69500000000002,166.72183333333334,176.06642384105962
1578182400,138.19,134.2,134.19,135.37,254120.45343,34593687.6032748,2020-01-05,131.8042857142857,129.382,149.76516666666666,166.36974999999998,175.861059602649
1578268800,144.41,135.37,134.86,144.15,408020.27375,57400544.487257,2020-01-06,133.59857142857143,130.49550000000002,149.05633333333336,166.06108333333336,175.6787417218543
1578355200,145.31,144.14,138.76,142.8,447762.17281,63861666.4047594,2020-01-07,135.54714285714286,130.9965,148.37399999999997,165.74658333333335,175.571059602649
1578441600,147.77,142.8,137.03,140.72,570465.57764,81184999.7319576,2020-01-08,136.96857142857144,131.6275,147.63783333333333,165.42083333333332,175.44690949227373
1578528000,141.5,140.76,135.3,137.74,366076.06569,50611452.5846448,2020-01-09,138.4757142857143,132.105,146.7841666666667,165.083,175.3066004415011
1578614400,145.17,137.73,135.32,144.84,409403.59507,57377525.5626822,2020-01-10,139.9742857142857,132.9975,146.11516666666665,164.784,175.1914348785872
1578700800,148.05,144.83,142.09,142.38,368350.57939,53149360.5617478,2020-01-11,141.14285714285717,133.512,145.37,164.46258333333333,175.03247240618103
1578787200,146.6,142.4,141.76,146.54,229541.86137,33112850.8222346,2020-01-12,142.73857142857145,134.449,144.6771666666667,164.116,174.88114790286977
1578873600,147.0,146.56,142.27,143.58,207996.61865,29888095.3670508,2020-01-13,142.65714285714287,135.2405,143.98816666666667,163.73725,174.728233995585
1578960000,171.7,143.58,143.51,165.64,1108476.31186,173492006.248208,2020-01-14,145.92000000000002,137.268,143.74883333333335,163.47408333333334,174.63860927152317
1579046400,171.98,165.6,159.2,166.4,721687.80381,119239937.929942,2020-01-15,149.5885714285714,139.309,143.48266666666666,163.12875,174.55339955849888
1579132800,167.4,166.4,157.8,164.21,456170.86719,74038650.829131,2020-01-16,153.36999999999998,141.20499999999998,143.15583333333333,162.74541666666664,174.45693156732892
1579219200,174.81,164.24,162.14,169.85,767180.67853,129909265.256157,2020-01-17,156.94285714285712,143.292,143.01666666666668,162.3255,174.37384105960265
1579305600,179.5,169.92,164.92,174.14,688783.17982,119388338.752494,2020-01-18,161.48,145.281,142.98666666666668,161.95975,174.3020309050773
1579392000,178.05,174.1,161.66,166.79,624681.28604,105691368.819662,2020-01-19,164.37285714285713,147.041,142.85449999999997,161.55758333333333,174.21580573951434
1579478400,169.33,166.79,161.24,166.87,358092.8841,59292534.7174649,2020-01-20,167.7,148.9265,142.95216666666667,161.1881666666667,174.13086092715233
1579564800,170.32,166.86,164.8,169.49,308007.6353,51615232.5669897,2020-01-21,168.25,150.8625,143.28433333333334,160.92316666666665,174.05483443708607
1579651200,171.47,169.48,166.03,168.07,272240.90286,45903134.1629132,2020-01-22,168.48857142857145,152.9065,143.5548333333333,160.942,173.97348785871966
1579737600,168.2,168.07,159.21,162.81,373414.34985,60971659.7745824,2020-01-23,168.28857142857143,154.3295,143.93566666666666,160.88241666666667,173.88156732891832
1579824000,164.45,162.85,155.55,162.54,430013.19902,68980724.0604947,2020-01-24,167.24428571428572,155.7465,144.2165,160.85424999999998,173.78785871964678
1579910400,162.79,162.51,157.61,160.35,219921.65197,35196608.3063368,2020-01-25,165.2742857142857,156.9955,144.43116666666668,160.74224999999998,173.7070419426049
1579996800,168.08,160.36,159.41,167.86,251582.55758,41239031.3379062,2020-01-26,165.42714285714285,158.18099999999998,144.68516666666665,160.6953333333333,173.64211920529803
1580083200,172.56,167.91,165.22,170.08,365894.81917,61846624.6145389,2020-01-27,165.8857142857143,159.54500000000002,145.0078333333333,160.70233333333334,173.57887417218546
1580169600,176.2,170.04,170.03,175.64,473433.89609,81649497.4929489,2020-01-28,166.7642857142857,161.291,145.359,160.65891666666667,173.5251876379691
1580256000,178.45,175.58,173.33,173.72,317382.90161,55988230.2743514,2020-01-29,167.57142857142858,163.09,145.73149999999998,160.64275,173.46198675496692
1580342400,187.0,173.68,170.93,184.69,477721.6609,85164074.082316,2020-01-30,170.69714285714284,165.0825,146.2975,160.67983333333333,173.42750551876378
1580428800,185.82,184.71,175.22,179.99,385596.53365,69633052.2826392,2020-01-31,173.19,166.963,146.81983333333335,160.724,173.3566004415011
1580515200,184.28,179.94,179.23,183.6,259370.12902,47263178.0667823,2020-02-01,176.51142857142858,168.81599999999997,147.42700000000002,160.79108333333335,173.2968653421634
1580601600,193.43,183.63,179.1,188.44,552621.13619,104105613.558785,2020-02-02,179.45142857142855,171.059,148.14466666666664,160.89266666666666,173.22556291390728
1580688000,195.19,188.48,186.62,189.69,417175.95781,79336312.5246923,2020-02-03,182.25285714285715,172.2615,148.83783333333335,161.0559166666667,173.16070640176602
1580774400,191.6,189.74,184.69,188.91,366389.69686,68720832.6152937,2020-02-04,184.14857142857142,173.387,149.51216666666667,161.13141666666667,173.1079911699779
1580860800,207.61,188.91,188.19,203.78,550942.11417,108659358.535919,2020-02-05,188.44285714285712,175.3655,150.4561666666667,161.32458333333335,173.09256070640174
1580947200,216.33,203.78,201.02,213.19,608240.2233,127874220.814687,2020-02-06,192.51428571428573,177.5325,151.502,161.496,173.09242825607063
1581033600,225.0,213.16,213.14,223.33,629361.15466,138524804.217576,2020-02-07,198.7057142857143,179.99200000000002,152.76783333333336,161.76425,173.11624724061812
1581120000,227.75,223.36,213.22,223.05,548551.87465,122069507.655112,2020-02-08,204.34142857142857,182.805,154.0593333333333,162.11700000000002,173.13867549668876
1581206400,230.65,223.01,222.86,228.49,350336.24399,79674647.0001999,2020-02-09,210.06285714285713,185.886,155.47766666666666,162.52375,173.1798454746137
1581292800,229.4,228.53,216.37,222.89,510415.49949,113385288.950302,2020-02-10,214.8057142857143,188.55599999999998,156.77799999999996,162.87291666666667,173.25812362030902
1581379200,239.15,222.89,218.17,236.69,595576.90276,135863928.624306,2020-02-11,221.6314285714286,191.987,158.30949999999999,163.28933333333333,173.37366445916115
1581465600,275.34,236.69,236.69,265.74,1038073.74782,266734296.550297,2020-02-12,230.48285714285717,197.1335,160.37533333333332,163.99975,173.56980132450335
1581552000,277.69,265.74,256.08,268.32,1089679.1537,291533156.091695,2020-02-13,238.35857142857142,202.42249999999999,162.47299999999998,164.78183333333334,173.7731567328918
1581638400,287.15,268.34,260.28,285.15,734944.32266,201120424.58322,2020-02-14,247.19,208.6625,165.01333333333335,165.68175,174.00754966887416
1581724800,288.41,285.11,261.86,264.88,860813.14274,236287101.098677,2020-02-15,253.1657142857143,213.51349999999996,167.39666666666665,166.44958333333335,174.25935982339954
1581811200,274.0,264.91,237.41,258.85,1110118.46395,286269166.281437,2020-02-16,257.5028571428571,217.952,169.49783333333335,167.17508333333333,174.5353642384106
1581897600,268.77,258.89,242.0,267.85,1110371.39094,280371301.754992,2020-02-17,263.92571428571426,222.5625,171.82700000000003,167.947,174.82150110375275
1581984000,285.88,267.9,258.0,282.61,1115523.43992,304162263.306139,2020-02-18,270.48571428571427,228.007,174.40066666666664,168.85225,175.16582781456955
1582070400,285.0,282.64,251.56,258.45,705973.72988,191887955.758348,2020-02-19,269.4442857142857,231.695,176.59166666666667,169.5793333333333,175.4603752759382
1582156800,264.33,258.44,245.34,256.96,972969.71691,249383114.011011,2020-02-20,267.82142857142856,235.5435,178.67283333333333,170.36775,175.77399558498894
1582243200,268.24,256.97,253.61,265.27,525827.8734,137848242.42793,2020-02-21,264.9814285714286,239.627,180.964,171.24183333333335,176.09761589403973
1582329600,266.81,265.32,256.0,261.57,313062.52133,81781388.3193534,2020-02-22,264.50857142857143,243.2835,183.19433333333333,171.90908333333334,176.430706401766
1582416000,275.68,261.55,261.02,274.48,444740.82883,120024058.971966,2020-02-23,266.74142857142857,247.52299999999997,185.6841666666667,172.70066666666668,176.79064017660045
1582502400,277.2,274.5,257.09,265.52,696591.72983,185949182.708581,2020-02-24,266.4085714285714,251.3535,188.0165,173.38208333333336,177.10547461368657
1582588800,266.22,265.47,244.44,246.67,774791.01027,197442911.544732,2020-02-25,261.2742857142857,253.498,190.02283333333332,173.92333333333332,177.38955849889626
1582675200,250.32,246.67,215.66,223.93,1395879.41507,324229460.62116,2020-02-26,256.3428571428571,254.03500000000003,191.61983333333333,174.20225,177.632825607064
1582761600,238.3,223.98,210.0,227.79,1273793.11658,287322727.296726,2020-02-27,252.1757142857143,254.25799999999998,193.17700000000002,174.57441666666668,177.87496688741723
1582848000,234.67,227.73,214.01,226.76,1054994.92397,236064804.334594,2020-02-28,246.67428571428567,254.4435,194.76316666666668,174.94591666666665,178.1182119205298
1582934400,233.0,226.76,217.0,217.21,546866.6851,123635801.017825,2020-02-29,240.33714285714285,253.87949999999995,196.23066666666668,175.23225000000002,178.35761589403972
1583020800,227.89,217.29,212.36,217.81,715016.01941,157064953.842278,2020-03-01,232.24142857142857,253.62550000000002,197.68133333333333,175.52308333333335,178.59573951434882
1583107200,234.4,217.81,216.07,231.97,810051.4833,182948651.676453,2020-03-02,227.4485714285714,253.3895,199.42766666666665,175.94333333333333,178.8810816777042
1583193600,232.46,232.1,219.57,223.91,741498.54825,168090325.538792,2020-03-03,224.19714285714284,251.298,200.92033333333336,176.26166666666668,179.17448123620306
1583280000,228.85,223.84,220.23,224.26,443780.33772,99650220.5416208,2020-03-04,224.24428571428572,249.09500000000003,202.42133333333334,176.55816666666666,179.4641280353201
1583366400,234.09,224.26,224.23,228.38,601479.87587,138081898.286668,2020-03-05,224.32857142857145,246.25649999999996,203.9715,176.86833333333334,179.7687637969095
1583452800,245.16,228.38,227.33,244.88,628147.3257,148563741.832992,2020-03-06,226.91714285714284,245.25650000000002,205.65033333333335,177.35333333333335,180.10346578366446
1583539200,251.78,246.46,236.42,236.79,996.4258,242175.8998344,2020-03-07,229.71428571428572,244.15349999999998,207.21683333333334,177.79541666666668,180.42770419426049
1583625600,236.65,236.59,195.81,199.0,3861.77435,840160.9589994,2020-03-08,227.02714285714282,240.71099999999996,208.18816666666666,177.913,180.67326710816778
1583712000,208.28,199.81,190.05,202.94,2625.20342,528697.4000659,2020-03-09,222.87999999999997,236.72750000000002,209.27483333333333,178.0295,180.923885209713
1583798400,205.92,203.69,196.0,200.44,846.97272,170213.7145753,2020-03-10,219.52714285714288,233.827,210.20149999999998,178.15833333333333,181.17576158940398
1583884800,202.69,200.62,181.8,194.49,1650.75888,314506.1948657,2020-03-11,215.27428571428572,230.7035,211.07000000000002,178.22,181.42006622516558
1583971200,250.0,195.12,101.0,108.65,13000.77513,1774546.4520746,2020-03-12,198.17,222.8725,210.4385,177.55783333333332,181.47501103752757
1584057600,139.7,107.87,64.39,133.27,19549.31514,2292557.6316249,2020-03-13,182.22571428571428,216.45749999999998,210.26666666666668,177.12741666666665,181.5822958057395
1584144000,134.63,134.27,121.41,122.3,1764.13337,223718.5912354,2020-03-14,165.87000000000003,208.8485,209.54433333333333,176.6465833333333,181.64472406181014
1584230400,133.41,122.59,120.64,123.7,2463.03128,311753.9228373,2020-03-15,155.11285714285714,201.7575,208.83266666666668,176.15766666666664,181.69618101545254
1584316800,123.83,123.21,101.95,110.4,5198.22665,575330.6840723,2020-03-16,141.89285714285714,194.94400000000002,207.93583333333333,175.54583333333332,181.7219205298013
1584403200,120.58,111.66,109.23,116.17,1513.23269,176634.3522578,2020-03-17,129.8542857142857,189.55599999999998,207.0411666666667,175.02891666666665,181.7266004415011
1584489600,118.2,115.3,110.47,117.95,895.99068,102705.7609945,2020-03-18,118.91999999999999,184.06400000000002,206.10466666666665,174.54566666666668,181.74924944812363
1584576000,143.13,118.11,115.46,136.3,1801071.18816,231626928.160705,2020-03-19,122.87,179.541,205.59650000000002,174.22549999999998,181.79582781456952
1584662400,152.55,136.3,116.74,133.48,2504057.63799,345856006.747799,2020-03-20,122.89999999999999,175.35449999999997,205.04,173.99608333333333,181.80565121412806
1584748800,137.49,133.49,125.69,132.66,1231842.11121,162468451.772315,2020-03-21,124.38000000000001,171.097,204.42616666666666,173.85525,181.7937969094923
1584835200,137.13,132.63,121.1,122.32,1055699.86532,135927941.07952,2020-03-22,124.18285714285715,165.6145,203.66366666666667,173.60925,181.7821412803532
1584921600,137.5,122.31,119.5,135.92,1436796.12449,184851609.124269,2020-03-23,127.82857142857142,161.21499999999997,203.2155,173.57558333333333,181.79664459161148
1585008000,143.36,135.89,132.2,138.42,1244377.16334,171156363.692302,2020-03-24,131.00714285714284,156.923,202.8135,173.51500000000001,181.85099337748343
1585094400,142.33,138.42,132.54,136.1,1034248.74369,141795323.026871,2020-03-25,133.6,152.309,202.40933333333334,173.42025,181.85275938189847
1585180800,139.74,136.11,133.26,138.4,751060.63102,101918769.672293,2020-03-26,133.9,146.98499999999999,201.91833333333335,173.30175000000003,181.86492273730684
1585267200,141.27,138.4,129.68,131.33,706948.54559,96581886.8789469,2020-03-27,133.59285714285713,141.712,201.2725,173.14016666666666,181.850706401766
1585353600,132.97,131.33,124.88,130.98,896032.10594,115166651.970074,2020-03-28,133.35285714285712,138.31099999999998,200.52816666666664,172.94358333333332,181.84966887417218
1585440000,131.84,130.94,123.81,124.5,543997.0,69434202.2054717,2020-03-29,133.6642857142857,134.38899999999998,199.70783333333333,172.71966666666668,181.8174392935982
1585526400,135.42,124.47,124.06,132.06,764831.92747,100271145.862563,2020-03-30,133.11285714285717,130.97,198.83066666666667,172.56408333333331,181.7733995584989
1585612800,135.0,132.09,130.38,132.72,547669.27789,72618183.4805954,2020-03-31,132.29857142857142,127.8815,198.04283333333333,172.43133333333336,181.7434216335541
1585699200,136.99,132.72,128.62,135.69,680922.24747,90063924.2303974,2020-04-01,132.24,129.2335,197.24433333333334,172.33566666666667,181.70748344370858
1585785600,149.76,135.65,135.01,141.28,1138977.66114,159989506.604945,2020-04-02,132.65142857142857,129.634,196.45833333333334,172.3015,181.68198675496686
1585872000,146.72,141.27,137.26,141.31,797546.11446,113731706.715,2020-04-03,134.07714285714286,130.5845,195.65200000000002,172.24491666666665,181.6542825607064
1585958400,146.28,141.3,138.88,144.1,573508.14086,81640622.8284323,2020-04-04,135.95142857142858,131.60449999999997,194.90516666666664,172.2086666666667,181.64271523178806
1586044800,145.58,144.1,140.68,142.68,414987.45246,59383946.1274414,2020-04-05,138.54857142857142,133.2185,193.88683333333333,172.17149999999998,181.6318543046358
1586131200,172.0,142.69,142.6,171.32,1636338.7311,257097597.783875,2020-04-06,144.15714285714284,135.976,193.18899999999996,172.3455,181.68311258278146
1586217600,176.22,171.32,162.22,164.63,1717962.82538,292710722.582248,2020-04-07,148.71571428571428,138.31,192.21066666666667,172.48925,181.770706401766
1586304000,174.48,164.62,163.59,173.11,1023575.92076,173916484.786155,2020-04-08,154.0614285714286,140.15050000000002,191.37833333333336,172.71883333333335,181.8776821192053
1586390400,173.38,173.15,165.19,169.52,719837.24423,122531131.955958,2020-04-09,158.0957142857143,141.95250000000001,190.3955,172.93658333333332,181.97960264900664
1586476800,170.1,169.56,152.11,157.81,1314841.362,209535613.323671,2020-04-10,160.45285714285714,143.20999999999998,189.31083333333336,173.04441666666665,182.07596026490066
1586563200,161.37,157.81,153.91,158.33,621599.61289,98275533.0626367,2020-04-11,162.4857142857143,145.0105,188.00483333333335,173.15716666666668,182.14523178807949
1586649600,164.78,158.33,155.0,158.59,809100.24594,129919934.443765,2020-04-12,164.75857142857143,146.144,186.21900000000002,173.29716666666667,182.2327373068433
1586736000,158.97,158.56,150.0,156.29,1042091.03622,160423270.303715,2020-04-13,162.6114285714286,147.0375,184.35183333333333,173.41241666666667,182.30958057395142
1586822400,161.85,156.28,155.23,158.45,698030.65089,110710086.104009,2020-04-14,161.72857142857143,148.155,182.24016666666665,173.62675,182.391059602649
1586908800,161.29,158.46,152.0,152.73,729119.66505,114640840.115516,2020-04-15,158.81714285714287,148.8715,180.371,173.8838333333333,182.46514348785874
1586995200,174.79,152.74,148.33,172.29,1647207.59991,273639160.069388,2020-04-16,159.21285714285713,150.9195,178.9283333333333,174.21308333333334,182.57483443708608
1587081600,174.96,172.31,168.31,170.69,723537.75591,123553456.319679,2020-04-17,161.05285714285714,152.905,177.309,174.568,182.6923178807947
1587168000,189.54,170.61,170.48,187.4,1127296.36979,203132211.956409,2020-04-18,165.2057142857143,156.05,175.72216666666665,175.06141666666664,182.8507505518764
1587254400,188.35,187.4,175.75,180.03,995759.5775,181415813.502695,2020-04-19,168.26857142857142,158.44850000000002,174.41516666666666,175.5034166666667,182.98810154525387
1587340800,186.46,180.02,166.7,170.2,1547821.52737,273854539.803801,2020-04-20,170.25571428571428,160.3225,172.9691666666667,175.821,183.10677704194262
1587427200,174.7,170.21,168.0,170.74,906381.65398,155292048.43579,2020-04-21,172.01142857142855,162.075,171.3936666666667,176.17883333333333,183.22675496688743
1587513600,184.0,170.73,169.78,182.7,988698.39076,176079076.9275,2020-04-22,176.29285714285714,164.14600000000002,170.07916666666668,176.63675,183.3759602649007
1587600000,193.63,182.7,178.16,185.51,1457867.08713,270862911.368565,2020-04-23,178.18142857142857,166.356,168.59633333333332,177.14024999999998,183.5308609271523
1587686400,189.8,185.57,184.72,187.59,780904.21257,146419748.081648,2020-04-24,180.59571428571425,168.53050000000002,167.2975,177.657,183.69761589403976
1587772800,198.36,187.6,185.76,194.21,866478.04928,167703202.425051,2020-04-25,181.56857142857143,171.107,166.42316666666667,178.22299999999998,183.89344370860928
1587859200,200.0,194.21,192.3,197.38,758525.81533,148433709.777187,2020-04-26,184.04714285714286,172.41000000000003,165.98066666666668,178.80024999999998,184.09858719646797
1587945600,199.05,197.39,189.29,196.34,896627.37271,174775637.927276,2020-04-27,187.78142857142856,173.9955,165.45649999999998,179.31674999999998,184.29295805739517
1588032000,198.5,196.33,192.36,196.24,636829.89397,124476041.889383,2020-04-28,191.42428571428573,175.152,164.9478333333333,179.8555,184.49119205298013
1588118400,218.77,196.24,196.22,215.36,1620422.72431,338324593.637292,2020-04-29,196.08999999999997,177.44400000000002,164.917,180.5738333333333,184.73099337748343
1588204800,227.3,215.4,202.0,206.08,1749691.00151,374893029.774308,2020-04-30,199.02857142857144,179.85750000000002,164.72150000000002,181.2014166666667,184.94216335540838
1588291200,217.14,206.07,205.91,212.02,794913.95828,168339123.357914,2020-05-01,202.51857142857145,182.542,164.389,181.90833333333333,185.1732008830022
1588377600,215.37,212.01,210.36,213.9,443494.67248,94389501.5178164,2020-05-02,205.3314285714286,185.3075,164.22216666666665,182.57125,185.40768211920528
1588464000,219.3,213.89,203.92,209.86,748383.91311,158874887.078341,2020-05-03,207.1142857142857,187.98600000000002,163.98216666666667,183.20175,185.6341501103753
1588550400,210.65,209.86,194.88,206.48,1114249.32658,225451167.655368,2020-05-04,208.56285714285715,190.3875,163.6171666666667,183.79433333333333,185.85927152317882
1588636800,211.68,206.47,201.0,205.29,640644.66268,131906204.907813,2020-05-05,209.8557142857143,193.01550000000003,162.9573333333333,184.30383333333333,186.08181015452539
1588723200,210.77,205.3,197.71,198.97,862700.67849,178157452.600841,2020-05-06,207.51428571428573,194.3495,162.32700000000003,184.77191666666667,186.25779249448124
1588809600,215.1,198.92,196.43,212.0,1305778.73764,271197927.665028,2020-05-07,208.35999999999999,196.41500000000002,162.54366666666667,185.36591666666666,186.46267108167768
1588896000,216.61,212.01,206.9,211.31,917908.1944,194579529.427763,2020-05-08,208.25857142857143,197.6105,162.68316666666666,185.97899999999998,186.65293598233995
1588982400,214.6,211.32,208.4,210.07,587871.98073,124626471.427035,2020-05-09,207.71142857142854,199.1125,162.84366666666668,186.52258333333336,186.84980132450332
1589068800,210.18,210.09,179.59,187.54,1473226.05475,278394290.759735,2020-05-10,204.52285714285713,199.9795,162.72783333333334,186.89891666666665,186.99357615894039
1589155200,193.5,187.62,176.0,185.73,1093299.81927,203391530.206174,2020-05-11,201.5585714285714,200.729,164.0125,187.22549999999998,187.1345695364238
1589241600,192.24,185.8,185.48,189.76,669755.79567,126810812.168171,2020-05-12,199.33999999999997,201.082,164.954,187.61033333333336,187.28763796909493
1589328000,201.0,189.77,188.35,199.58,806143.00704,156637596.364925,2020-05-13,199.42714285714285,201.7855,166.24200000000002,187.89316666666667,187.4596247240618
1589414400,206.02,199.61,195.67,203.29,1114700.24937,224233786.12671,2020-05-14,198.18285714285713,202.57049999999998,167.56849999999997,188.20058333333333,187.63759381898456
1589500800,204.08,203.29,191.66,194.86,904749.6357,179634085.622769,2020-05-15,195.83285714285714,202.603,168.97616666666667,188.45600000000002,187.7724944812362
1589587200,203.5,194.87,193.21,200.45,669900.03754,134060788.494184,2020-05-16,194.45857142857145,202.75650000000002,170.38083333333333,188.71099999999998,187.89337748344371
1589673600,209.85,200.44,199.68,207.0,708711.89315,145341278.681355,2020-05-17,197.23857142857145,203.28950000000003,171.86500000000004,188.98483333333334,188.03368653421632
1589760000,217.07,207.02,207.0,214.91,1064139.2485,226789027.15008,2020-05-18,201.40714285714287,204.223,173.17516666666668,189.38583333333332,188.18041942604856
1589846400,215.95,214.92,209.45,214.58,643702.98849,136846948.556806,2020-05-19,204.95285714285714,204.184,174.52683333333334,189.78341666666665,188.33249448123624
1589932800,215.75,214.6,204.27,209.98,679532.61037,143704806.175241,2020-05-20,206.4385714285714,204.379,175.81550000000001,190.12083333333334,188.4707284768212
1590019200,211.64,209.99,191.71,198.74,1003923.4342,203445710.962845,2020-05-21,205.78857142857143,203.715,177.08916666666667,190.37641666666664,188.56112582781458
1590105600,209.19,198.72,196.24,207.36,787672.36081,159972608.534166,2020-05-22,207.5742857142857,203.38799999999998,178.27983333333336,190.74766666666667,188.72726269315675
1590192000,211.2,207.36,204.55,206.6,478559.92006,99461068.1046647,2020-05-23,208.45285714285714,203.22499999999997,179.41616666666667,191.11483333333334,188.87898454746136
1590278400,210.55,206.6,199.5,199.9,673535.05784,138917619.233621,2020-05-24,207.43857142857146,202.89600000000002,180.4795,191.44441666666668,189.01955849889626
1590364800,205.67,199.9,198.01,204.15,469931.62492,95411610.7976347,2020-05-25,205.90142857142857,202.839,181.57533333333333,191.7468333333333,189.1721633554084
1590451200,205.0,204.22,196.9,200.89,477176.7353,96116808.8580913,2020-05-26,203.9457142857143,202.935,182.73466666666667,192.00358333333332,189.31686534216334
1590537600,208.44,200.92,200.76,208.29,494816.72727,101445351.025663,2020-05-27,203.70428571428573,202.74949999999998,184.0231666666667,192.27566666666664,189.47794701986754
1590624000,220.5,208.29,204.67,220.21,643945.97769,136361627.346415,2020-05-28,206.77142857142857,203.1945,185.61833333333334,192.66308333333333,189.6714348785872
1590710400,224.79,220.24,217.57,220.67,603058.0759,133220045.495471,2020-05-29,208.6728571428571,203.72449999999998,187.09516666666664,192.96291666666667,189.87026490066225
1590796800,247.0,220.63,218.8,243.66,1019550.75146,238678839.809304,2020-05-30,213.96714285714285,206.5305,188.94416666666666,193.4935,190.1307726269316
1590883200,245.39,243.71,229.58,231.57,821608.68884,194867426.294186,2020-05-31,218.49142857142854,208.8225,190.54216666666665,193.89325,190.3401545253863
1590969600,250.68,231.56,230.66,248.23,823816.69936,198791911.847044,2020-06-01,224.78857142857143,211.746,192.3246666666667,194.3915,190.5848123620309
1591056000,253.8,248.23,225.0,237.71,955520.91863,230680327.309292,2020-06-02,230.04857142857142,213.6525,193.93133333333333,194.79166666666666,190.80754966887415
1591142400,245.0,237.71,232.71,244.52,502928.13371,120179301.178986,2020-06-03,235.2242857142857,215.71400000000003,195.60500000000002,195.25508333333332,191.05258278145698
1591228800,246.6,244.54,236.0,243.21,669369.3392,162460397.627674,2020-06-04,238.51,218.13149999999996,197.2805,195.5836666666667,191.28644591611481
1591315200,247.87,243.22,239.14,240.03,502547.41103,122084004.516976,2020-06-05,241.2757142857143,220.1105,198.42566666666667,195.80733333333333,191.5174834437086
1591401600,244.7,240.04,237.83,241.94,389423.07798,93979350.8126339,2020-06-06,241.03,221.8575,199.71416666666667,195.96241666666666,191.7586975717439
1591488000,245.37,241.94,234.6,244.56,571102.55515,137165732.647617,2020-06-07,242.8857142857143,223.34,200.905,196.14166666666668,192.00370860927154
1591574400,247.7,244.57,240.59,246.4,383116.54719,93355224.9683087,2020-06-08,242.62428571428572,224.93099999999998,202.18633333333335,196.29091666666667,192.25701986754964
1591660800,249.82,246.37,238.0,243.8,420327.17133,102374504.573897,2020-06-09,243.49428571428572,226.62199999999999,203.6195,196.46516666666668,192.5033774834437
1591747200,250.28,243.79,242.0,247.78,431285.61715,105797248.247426,2020-06-10,243.96,229.07399999999998,205.11033333333333,196.55758333333333,192.74889624724062
1591833600,250.09,247.78,226.2,230.51,816456.89161,195063781.276449,2020-06-11,242.1457142857143,230.2315,206.309,196.264,192.94666666666666
1591920000,239.38,230.46,228.19,237.55,446515.34124,105069425.090107,2020-06-12,241.79142857142855,231.779,207.66333333333336,196.00758333333334,193.16494481236202
1592006400,238.73,237.55,234.66,238.11,253797.7809,60087772.6524653,2020-06-13,241.24428571428572,233.6895,208.99099999999999,195.61558333333335,193.3868432671082
1592092800,238.59,238.13,229.83,231.77,304943.21188,71575514.0802726,2020-06-14,239.41714285714286,235.07049999999998,210.30833333333334,195.33966666666666,193.59262693156734
1592179200,233.55,231.74,218.27,230.86,875026.92057,197907504.778774,2020-06-15,237.19714285714284,236.56900000000002,211.28450000000004,195.10641666666666,193.79538631346577
1592265600,236.0,230.86,228.7,235.3,499194.66758,116456364.231268,2020-06-16,235.98285714285717,237.91950000000003,212.36133333333333,194.83516666666668,194.01713024282563
1592352000,237.3,235.31,227.65,233.82,478187.2917,111415059.056262,2020-06-17,233.98857142857145,238.6,213.13500000000002,194.42858333333334,194.23311258278147
1592438400,234.65,233.82,227.93,231.27,334347.79917,77542070.3332709,2020-06-18,234.09714285714287,239.13000000000002,213.989,194.20208333333332,194.44059602649006
1592524800,231.95,231.26,226.74,229.0,397284.59808,91117706.1551394,2020-06-19,232.8757142857143,238.39700000000002,214.969,193.96908333333334,194.6456953642384
1592611200,230.85,229.0,225.62,228.89,303704.98826,69343699.9095483,2020-06-20,231.5585714285714,238.26299999999998,215.93816666666666,193.66591666666667,194.8552097130243
1592697600,231.49,228.88,227.11,228.04,256305.23734,58868166.5061044,2020-06-21,231.0257142857143,237.25349999999997,216.69383333333334,193.38649999999998,195.06240618101543
1592784000,246.89,228.03,227.51,243.13,749030.11114,178707156.189314,2020-06-22,232.77857142857144,237.5245,217.65416666666667,193.12525,195.29128035320088
1592870400,244.87,243.11,240.75,243.14,442296.31477,107457002.524625,2020-06-23,233.89857142857142,237.45549999999997,218.58,192.93874999999997,195.52368653421632
1592956800,249.24,243.15,231.07,234.58,921634.0534,220763040.433749,2020-06-24,234.00714285714284,237.02400000000003,219.25283333333334,192.83800000000002,195.72529801324504
1593043200,235.39,234.57,227.56,232.5,613748.59348,142697463.380104,2020-06-25,234.18285714285713,236.64749999999998,219.8381666666667,192.9094166666667,195.92406181015454
1593129600,233.61,232.49,227.75,229.64,628340.07007,144805505.191582,2020-06-26,234.27428571428572,236.03250000000003,220.39316666666667,192.92483333333334,196.11889624724063
1593216000,231.42,229.66,216.0,220.94,645950.61438,145264632.263819,2020-06-27,233.13857142857142,234.8515,220.80483333333333,192.87633333333332,196.29483443708608
1593302400,227.96,220.94,218.32,224.93,444766.56881,99423540.1393194,2020-06-28,232.6942857142857,233.77800000000002,220.96433333333334,192.94066666666666,196.4308609271523
1593388800,229.96,224.89,221.26,227.93,597915.52242,134510531.197667,2020-06-29,230.52285714285716,232.98449999999997,221.3285,193.025,196.5809050772627
1593475200,228.76,228.7,223.12,225.98,268.71509,60792.1598688,2020-06-30,228.07142857142858,231.89450000000002,221.56116666666668,192.97508333333332,196.73238410596028
1593561600,232.38,225.51,224.19,231.06,1812.85132,419116.9430341,2020-07-01,227.56857142857143,231.92199999999997,221.84716666666665,193.03466666666665,196.8787196467991
1593648000,231.81,231.28,222.84,226.46,1862.23477,423527.2574867,2020-07-02,226.7057142857143,231.36749999999998,222.12383333333335,193.053,197.01328918322298
1593734400,228.23,226.06,224.45,225.21,384.68603,87185.4149875,2020-07-03,226.07285714285717,230.7225,222.436,193.02658333333332,197.1258719646799
1593820800,230.47,224.6,224.59,228.59,326.49055,74295.5729569,2020-07-04,227.1657142857143,230.56349999999998,222.82433333333336,192.89083333333332,197.23596026490065
1593907200,229.86,229.19,223.31,228.06,2518.93379,573278.8599037,2020-07-05,227.61285714285714,230.42350000000002,223.30916666666664,192.8180833333333,197.35397350993378
1593993600,241.76,227.87,226.86,241.66,2060.61293,483385.3679292,2020-07-06,229.5742857142857,230.7415,223.80349999999999,193.1735833333333,197.4964459161148
1594080000,243.5,241.41,234.73,238.7,404.0706,96328.2294873,2020-07-07,231.39142857142858,230.9855,224.26000000000002,193.47158333333334,197.66119205298014
1594166400,248.67,238.39,238.33,247.02,1097.46962,267206.7615869,2020-07-08,233.67142857142858,231.773,224.87583333333333,193.85975000000002,197.84624724061808
1594252800,247.9,246.94,237.88,241.98,647641.58291,157541370.004818,2020-07-09,235.88857142857142,232.42199999999997,225.78316666666666,194.2555,198.02061810154527
1594339200,242.16,241.97,235.72,241.26,455025.12385,108806462.465096,2020-07-10,238.18142857142857,233.0405,226.7086666666667,195.36058333333332,198.18403973509933
1594425600,241.67,241.27,237.54,239.19,294476.00626,70548557.6778391,2020-07-11,239.69571428571427,233.598,227.53249999999997,196.24325000000002,198.35896247240618
1594512000,244.0,239.19,236.52,242.79,469315.1172,112487552.434012,2020-07-12,241.79999999999998,233.581,228.25266666666667,197.24733333333333,198.52986754966886
1594598400,245.33,242.76,237.33,239.5,604093.04245,146193291.910676,2020-07-13,241.49142857142857,233.39899999999997,228.85616666666667,198.21233333333333,198.6926710816777
1594684800,242.09,239.5,237.0,240.44,426320.89188,102105027.131931,2020-07-14,241.73999999999998,233.692,229.61583333333334,199.296,198.84081677704194
1594771200,241.45,240.45,236.83,238.61,368350.66518,88059682.4834364,2020-07-15,240.53857142857143,233.9975,230.2518333333333,200.31633333333335,198.9864459161148
1594857600,239.39,238.59,230.02,233.57,587161.73894,137208323.201573,2020-07-16,239.33714285714285,234.19399999999996,230.69466666666665,201.27983333333336,199.12041942604858
1594944000,234.84,233.58,231.65,232.67,325600.21444,75931058.422653,2020-07-17,238.10999999999999,234.7805,230.99066666666664,202.08291666666668,199.26187637969096
1595030400,236.8,232.66,232.32,235.67,341356.6182,80046747.8322333,2020-07-18,237.60714285714286,235.31749999999997,231.34216666666666,202.9345,199.4056953642384
1595116800,239.92,235.67,233.28,239.11,348803.52073,82120072.993628,2020-07-19,237.0814285714286,235.87650000000002,231.82766666666666,203.8215833333333,199.56011037527597
1595203200,239.72,239.12,234.05,236.01,396657.91938,94314378.9381991,2020-07-20,236.58285714285716,236.378,232.44883333333334,204.76899999999998,199.71735099337747
1595289600,246.66,236.0,235.57,245.59,637462.08074,154502240.941199,2020-07-21,237.31857142857143,237.1045,233.08599999999998,205.68291666666667,199.91794701986754
1595376000,269.61,245.53,241.51,263.74,718417.68296,180692677.213956,2020-07-22,240.9085714285714,238.96850000000003,234.03833333333336,206.72724999999997,200.15147902869757
1595462400,279.98,263.75,259.7,275.3,1068774.57879,287217202.720122,2020-07-23,246.86999999999998,241.473,235.295,207.88725000000002,200.407527593819
1595548800,287.34,275.31,266.0,279.15,926033.06692,256347245.548149,2020-07-24,253.51,244.00100000000003,236.545,209.06016666666665,200.67529801324505
1595635200,308.94,279.15,279.09,305.26,1058927.30554,308799629.361143,2020-07-25,263.4514285714286,247.86099999999996,238.2845,210.50958333333335,201.00675496688746
1595721600,318.75,305.31,299.0,311.0,1270368.753,392346895.322671,2020-07-26,273.7214285714286,251.32799999999997,239.99633333333333,212.00975000000003,201.33604856512144
1595808000,333.31,311.02,310.78,321.93,1636122.34727,527292799.287914,2020-07-27,285.99571428571426,255.4895,241.69166666666666,213.65500000000003,201.69309050772628
1595894400,326.8,321.95,305.86,316.77,1093231.55578,346187853.275929,2020-07-28,296.1642857142857,258.977,243.29333333333335,215.19424999999998,202.03516556291393
1595980800,325.0,316.77,312.38,317.71,792802.32148,254201662.133409,2020-07-29,303.8742857142857,262.7635,244.5275,216.73583333333332,202.3655187637969
1596067200,342.0,317.76,314.05,334.87,1008827.56698,328286452.518291,2020-07-30,312.38428571428574,267.444,246.24916666666667,218.39566666666667,202.7433774834437
1596153600,349.45,334.82,328.4,346.33,948088.44982,323282981.01592,2020-07-31,321.9814285714286,272.80100000000004,247.88416666666666,220.10441666666665,203.14796909492273
1596240000,392.67,346.32,343.07,387.0,1440843.34203,527543444.862884,2020-08-01,333.6585714285714,280.0115,250.37233333333333,222.15183333333334,203.6203752759382
1596326400,415.85,387.01,325.0,372.42,2324909.09616,878397036.297519,2020-08-02,342.43285714285713,286.6575,252.504,224.05450000000002,204.06902869757175
1596412800,398.0,372.45,366.5,385.94,1191565.09389,462170587.478503,2020-08-03,351.57714285714286,293.9325,254.88283333333337,226.08166666666665,204.5438410596026
1596499200,402.98,385.91,380.77,389.61,1180792.42379,461794422.204868,2020-08-04,361.98285714285714,301.48249999999996,257.37583333333333,227.90075,205.02664459161147
1596585600,407.0,389.59,384.11,400.72,1124119.0672,444335097.149393,2020-08-05,373.8414285714286,309.84000000000003,260.0221666666667,229.86816666666667,205.52953642384105
1596672000,403.66,400.72,390.51,394.77,821379.08397,325718417.716007,2020-08-06,382.3985714285714,317.94500000000005,262.52566666666667,231.71533333333335,205.98112582781457
1596758400,398.26,394.77,362.85,379.34,1041207.35946,398625567.063912,2020-08-07,387.11428571428576,325.12850000000003,264.74133333333333,233.46383333333333,206.40326710816777
1596844800,397.05,379.34,375.79,397.03,623029.78053,240999198.024285,2020-08-08,388.5471428571429,333.0245,267.29516666666666,235.45733333333334,206.84739514348786
1596931200,400.0,397.05,383.36,390.14,594900.58133,233057462.927397,2020-08-09,391.0785714285715,340.731,269.6678333333333,237.38908333333333,207.2309271523179
1597017600,399.18,390.14,385.13,395.44,826969.90633,326372434.897059,2020-08-10,392.4357142857143,348.2235,272.4166666666667,239.36283333333333,207.55618101545252
1597104000,398.21,395.43,367.0,379.0,992412.6023,381981614.621672,2020-08-11,390.92,353.9865,274.7741666666667,241.21875,207.80949227373068
1597190400,389.23,378.99,365.85,387.18,751848.7983,285872467.644094,2020-08-12,388.9857142857143,359.58050000000003,277.25866666666667,243.12483333333333,208.12490066225166
1597276800,431.49,387.18,376.59,424.54,1511330.7732,604810975.131857,2020-08-13,393.23857142857145,366.85,280.4715,245.38991666666666,208.54640176600444
1597363200,444.71,424.54,417.05,438.11,1109670.94324,477180580.061832,2020-08-14,401.63428571428574,373.4925,283.9256666666667,247.60508333333334,208.94066225165562
1597449600,442.94,438.12,427.02,432.32,681698.5971,296652970.482319,2020-08-15,406.67571428571426,379.5585,287.20933333333335,249.7853333333333,209.34231788079472
1597536000,436.99,432.3,412.47,433.62,716666.25258,305445885.81667,2020-08-16,412.88714285714286,385.143,290.53933333333333,251.83716666666666,209.74008830022075
1597622400,446.0,433.61,420.37,430.89,868870.64996,375038999.507516,2020-08-17,417.95142857142855,390.849,293.86633333333333,253.92766666666665,210.15344370860927
1597708800,433.81,430.89,415.0,421.95,743254.57018,316635286.992922,2020-08-18,424.0871428571428,396.061,297.0821666666667,256.0255833333333,210.54503311258276
1597795200,426.75,421.92,393.25,407.46,978339.69221,400208683.346727,2020-08-19,426.9842857142857,399.6905,300.05833333333334,257.99825,210.89512141280355
1597881600,418.98,407.46,402.07,415.94,663555.73445,273292342.190345,2020-08-20,425.7557142857143,403.171,303.18999999999994,259.94191666666666,211.2609492273731
1597968000,418.68,415.94,385.1,387.97,860998.7256,347455883.453306,2020-08-21,418.59285714285716,403.2195,305.604,261.62908333333337,211.5336203090508
1598054400,397.04,387.93,379.92,395.24,643235.76543,250069873.397231,2020-08-22,413.29571428571427,404.3605,308.139,263.35949999999997,211.80891832229582
1598140800,396.95,395.23,383.15,390.71,445317.81989,173799978.035111,2020-08-23,407.1657142857143,404.59900000000005,310.7411666666667,264.997,212.07311258278148
1598227200,410.42,390.72,387.44,407.68,717403.81877,287991794.220584,2020-08-24,403.84999999999997,405.5025,313.66083333333336,266.7495,212.3796247240618
1598313600,409.06,407.68,370.0,382.93,970445.38395,375681480.186943,2020-08-25,398.27571428571434,404.613,316.2156666666667,268.30441666666667,212.66300220750554
1598400000,392.91,382.91,377.37,385.81,738690.7794,284504413.093619,2020-08-26,395.1828571428572,404.16499999999996,318.96349999999995,269.88416666666666,212.92328918322295
1598486400,397.1,385.81,371.48,383.27,877763.73658,336647752.294224,2020-08-27,390.5157142857143,404.3615,321.60249999999996,271.2834166666667,213.18584988962473
1598572800,398.0,383.31,379.75,395.11,732601.46905,286555001.994184,2020-08-28,391.5357142857143,404.2655,324.3888333333333,272.8586666666667,213.4645033112583
1598659200,405.69,395.1,391.88,398.65,659802.63344,263787683.028084,2020-08-29,392.0228571428571,404.69100000000003,327.26666666666665,274.41391666666664,213.7928476821192
1598745600,429.89,398.65,398.3,428.94,894979.71788,370467271.099035,2020-08-30,397.4842857142857,406.366,330.5646666666667,276.20591666666667,214.20686534216338
1598832000,439.0,428.94,418.04,433.79,1040748.68881,447866996.185115,2020-08-31,401.2142857142857,409.1055,334.0201666666666,278.072,214.62222958057393
1598918400,488.84,433.8,429.03,475.4,1751354.57719,813662129.650488,2020-09-01,414.4242857142857,413.5165,338.18999999999994,280.313,215.1225386313466
1599004800,481.39,475.4,420.0,439.5,1880642.46853,844475154.71608,2020-09-02,422.0942857142857,414.26449999999994,341.7051666666666,282.26475,215.5435761589404
1599091200,450.7,439.5,372.0,381.4,2408569.34151,995567239.008403,2020-09-03,421.82714285714286,411.429,344.2608333333333,283.785,215.8485430463576
1599177600,400.21,381.35,357.0,385.26,1806488.22474,696658932.115428,2020-09-04,420.41999999999996,409.076,346.65416666666664,285.2288333333334,216.1891169977925
1599264000,395.0,385.3,308.42,335.01,2777166.51389,967730464.905516,2020-09-05,411.3285714285715,404.14549999999997,348.25933333333336,286.25966666666665,216.3844812362031
1599350400,360.0,335.04,316.1,352.8,2017811.14721,691925087.396811,2020-09-06,400.4514285714286,400.241,350.02233333333334,287.4490833333333,216.62401766004416
1599436800,358.51,352.85,323.0,353.59,1740618.42462,596754172.70084,2020-09-07,388.99428571428564,396.823,351.8825,288.83283333333327,216.8280794701987
1599523200,356.58,353.59,325.38,337.39,1400246.82962,476444912.544635,2020-09-08,369.2785714285714,393.3195,353.4846666666666,290.09666666666664,217.01068432671082
1599609600,359.0,337.41,330.51,350.85,879760.56255,304910633.80089,2020-09-09,356.61428571428576,390.06499999999994,355.3456666666667,291.4390833333334,217.20578366445912
1599696000,377.25,350.85,349.91,367.93,1134287.61137,416598205.666048,2020-09-10,354.69,389.063,357.4313333333333,292.842,217.42677704194261
1599782400,375.27,367.93,355.49,373.63,844017.59966,308822715.133656,2020-09-11,353.0285714285714,387.98249999999996,359.66683333333333,294.26149999999996,217.6605518763797
1599868800,388.57,373.62,364.73,387.78,766542.31635,287133871.247291,2020-09-12,360.5671428571428,387.83599999999996,362.12250000000006,295.8691666666667,217.9135761589404
1599955200,390.43,387.78,350.0,366.42,989195.69047,367969518.513489,2020-09-13,362.5128571428571,385.773,364.25266666666664,297.25224999999995,218.1382119205298
1600041600,384.64,366.43,355.73,377.12,1042059.62265,387238794.680972,2020-09-14,365.8742857142857,385.48249999999996,366.6451666666666,298.66991666666667,218.37878587196468
1600128000,382.47,377.12,362.34,364.06,883856.33005,328317009.568346,2020-09-15,369.6842857142857,384.39500000000004,368.835,299.91283333333337,218.5837306843267
1600214400,373.45,364.05,355.0,365.11,841709.98939,306622238.071552,2020-09-16,371.72142857142853,383.48699999999997,370.99233333333336,301.16725,218.73993377483444
1600300800,394.14,365.04,363.3,389.36,1256300.411,479026710.896615,2020-09-17,374.78285714285715,383.19950000000006,373.4965,302.6620833333333,218.9133774834437
1600387200,392.58,389.35,375.33,384.39,804194.47219,308748579.816032,2020-09-18,376.32,382.4865,375.96950000000004,304.20916666666665,219.0808609271523
1600473600,388.72,384.4,377.0,385.25,570908.33553,218785730.140178,2020-09-19,375.9585714285714,380.302,378.29716666666667,305.6915833333333,219.2433554083885
1600560000,385.45,385.25,365.0,371.04,693164.40144,259700927.47821,2020-09-20,376.61857142857144,377.1645,380.0855,307.06191666666666,219.35986754966888
1600646400,376.8,371.04,331.0,340.36,1283946.03098,452134893.634058,2020-09-21,371.3671428571429,370.4125,381.1698333333333,308.23241666666667,219.3620088300221
1600732800,346.91,340.31,335.34,344.21,842731.12878,288166815.515037,2020-09-22,368.53142857142853,365.648,382.25416666666666,309.3995833333333,219.46324503311257
1600819200,344.65,344.18,313.29,320.72,940904.49756,313808761.090439,2020-09-23,362.19000000000005,362.614,382.5118333333333,310.39816666666667,219.48459161147903
1600905600,353.1,320.72,316.67,348.97,1071705.09721,360708689.40438,2020-09-24,356.42,360.79949999999997,383.1446666666667,311.5705,219.55379690949226
1600992000,358.0,348.97,337.58,351.92,860643.77924,298266918.800648,2020-09-25,351.7814285714286,361.645,383.64450000000005,312.6680833333333,219.68452538631345
1601078400,356.4,351.93,345.88,353.92,530879.20755,186812160.375437,2020-09-26,347.3057142857143,361.701,384.26366666666667,313.7785,219.8144370860927
1601164800,362.14,353.95,347.24,357.49,569568.55041,202411362.683233,2020-09-27,345.37,361.896,384.9266666666667,314.7270833333333,219.96015452538632
1601251200,368.2,357.58,351.7,353.96,757758.4304,273063157.789991,2020-09-28,347.3128571428571,362.7245,385.24483333333336,315.747,220.0767549668874
1601337600,360.63,353.91,350.45,359.79,585143.16892,208028826.487116,2020-09-29,349.5385714285714,363.17150000000004,385.4691666666667,316.6766666666667,220.24686534216335
1601424000,361.5,359.78,351.56,359.83,498943.23226,177784824.517819,2020-09-30,355.1257142857143,362.7665,385.0163333333333,317.6943333333333,220.4066004415011
1601510400,370.45,359.83,345.51,352.85,758349.31959,271468849.798512,2020-10-01,355.68,361.7275,384.6901666666667,318.59708333333333,220.54911699779248
1601596800,354.55,352.83,334.24,345.6,733571.84211,251829017.51948,2020-10-02,354.77714285714285,359.61850000000004,384.01783333333333,319.45033333333333,220.63935982339956
1601683200,351.0,345.6,343.7,345.95,303595.71901,105401893.357344,2020-10-03,353.6385714285714,358.595,383.29016666666666,320.33299999999997,220.71437086092715
1601769600,354.45,345.94,343.81,352.37,343932.91712,119961274.700657,2020-10-04,352.9071428571429,357.3575,382.4843333333334,321.25325,220.81350993377484
1601856000,356.1,352.34,348.54,353.62,376740.30692,132656713.044094,2020-10-05,352.85857142857145,356.8355,381.7985,322.1620833333333,220.95565121412804
1601942400,355.1,353.63,336.8,340.75,640063.26951,221765553.586809,2020-10-06,350.1385714285715,355.6175,381.1553333333333,322.9483333333333,221.11485651214127
1602028800,342.85,340.8,332.18,341.58,541928.86376,183873686.390432,2020-10-07,347.5314285714286,353.2285,380.23116666666664,323.7631666666667,221.26267108167772
1602115200,353.32,341.58,334.21,350.95,631794.8756,217322066.978024,2020-10-08,347.25999999999993,351.5565,379.57800000000003,324.62291666666664,221.44403973509932
1602201600,368.33,350.94,347.32,365.02,650478.19338,232878561.885214,2020-10-09,350.03428571428566,350.545,379.07099999999997,325.7438333333333,221.7512582781457
1602288000,378.4,365.01,364.71,370.52,591005.32129,220607973.012273,2020-10-10,353.5442857142857,350.519,378.92966666666666,326.8519166666666,222.06543046357615
1602374400,377.6,370.51,368.87,374.16,373318.23779,139329772.540317,2020-10-11,356.65714285714284,352.20899999999995,378.7126666666666,327.98566666666665,222.45236203090508
1602460800,394.8,374.17,365.58,386.51,844422.65444,320587055.529796,2020-10-12,361.35571428571427,354.32399999999996,378.0788333333333,329.2751666666667,222.84022075055188
1602547200,387.75,386.51,374.51,381.04,645141.91394,246276552.009023,2020-10-13,367.1114285714285,357.34000000000003,377.12766666666664,330.5266666666667,223.1830684326711
1602633600,387.41,381.05,373.13,378.69,569557.82936,216288026.959209,2020-10-14,372.41285714285715,358.826,376.23383333333334,331.7215833333333,223.531766004415
1602720000,381.79,378.69,369.85,377.64,634038.09453,238396852.783928,2020-10-15,376.2257142857143,360.11199999999997,375.30083333333334,332.9200833333333,223.86165562913908
1602806400,379.83,377.63,361.18,365.5,654029.36404,241127894.702451,2020-10-16,376.29428571428576,360.691,374.211,334.03866666666664,224.17097130242826
1602892800,370.46,365.5,363.36,368.32,285578.24537,104838880.456103,2020-10-17,375.98,361.2325,373.31716666666665,335.19966666666664,224.50388520971302
1602979200,378.64,368.31,367.1,378.11,323468.47095,120818450.62118,2020-10-18,376.5442857142857,362.44,372.82800000000003,336.4431666666667,224.86951434878588
1603065600,384.32,378.12,372.5,379.3,577252.90265,218372639.957023,2020-10-19,375.5142857142858,363.4155,372.21733333333333,337.70366666666666,225.2293156732892
1603152000,380.73,379.3,365.27,368.52,617309.81677,229928443.79691,2020-10-20,373.7257142857143,363.85,371.8931666666667,338.7485833333333,225.55907284768213
1603238400,401.49,368.53,367.74,390.38,1221663.63784,472488832.716274,2020-10-21,375.3957142857143,365.7265,371.81216666666666,339.9755833333333,225.93781456953639
1603324800,420.73,390.31,390.21,413.98,1095897.20667,447211002.501259,2020-10-22,380.58714285714285,369.1455,372.2,341.47058333333337,226.39406181015454
1603411200,419.33,413.94,401.3,409.11,727832.3224,299943190.930637,2020-10-23,386.8171428571428,372.3035,372.22383333333335,342.94233333333335,226.83002207505518
1603497600,416.66,409.19,407.0,412.14,419236.87106,172799824.648682,2020-10-24,393.07714285714286,375.29200000000003,372.71066666666667,344.46316666666667,227.2742825607064
1603584000,417.4,412.14,402.5,405.86,415586.9761,170054743.318745,2020-10-25,397.0414285714286,377.904,373.0448333333334,346.00416666666666,227.70757174392935
1603670400,411.11,405.85,382.3,392.52,895142.67266,356208480.585712,2020-10-26,398.92999999999995,380.4925,373.199,347.40075,228.09189845474612
1603756800,410.25,392.52,389.9,403.45,754261.74114,302529716.876042,2020-10-27,403.91999999999996,383.586,373.33799999999997,348.8634166666667,228.50384105960265
1603843200,409.2,403.41,380.52,388.23,855275.46882,335751199.303747,2020-10-28,403.61285714285714,385.45,373.16433333333333,350.2155,228.88048565121412
1603929600,393.72,388.22,380.52,387.13,573096.01416,222669504.875317,2020-10-29,399.77714285714285,386.5555,372.4675,351.5160833333333,229.244701986755
1604016000,391.97,387.12,373.29,382.49,771750.74746,294342545.980874,2020-10-30,395.9742857142857,387.154,371.6125,352.8163333333333,229.5994481236203
1604102400,394.88,382.59,379.9,386.46,467453.8105,181136851.453741,2020-10-31,392.3057142857143,387.769,370.1301666666667,354.1600833333333,229.93701986754968
1604188800,398.29,386.44,384.61,396.67,438952.95565,171238317.700324,2020-11-01,390.99285714285713,388.277,369.4163333333334,355.56075,230.31315673289183
1604275200,404.5,396.68,377.92,383.02,779968.57957,304223545.892034,2020-11-02,389.63571428571424,388.37600000000003,369.4433333333333,356.8520833333333,230.65955849889625
1604361600,390.0,383.01,370.23,387.88,752954.37114,286291773.968484,2020-11-03,387.4114285714286,388.8355,369.48699999999997,358.0705833333333,231.02708609271522
1604448000,408.39,387.88,376.47,402.49,1157064.35076,454481208.40201,2020-11-04,389.4485714285715,390.07800000000003,370.6116666666667,359.4355,231.45083885209712
1604534400,420.4,402.5,396.14,416.69,1475139.77342,601591250.401249,2020-11-05,393.6714285714285,392.6375,371.6765,360.8494166666667,231.91487858719648
1604620800,458.27,416.73,414.76,455.91,1682440.96026,736015135.62721,2020-11-06,404.15999999999997,397.01699999999994,373.3818333333333,362.63216666666665,232.44355408388523
1604707200,468.28,455.91,424.14,435.21,1653416.5961,743871175.782124,2020-11-07,411.1242857142857,399.87199999999996,375.01216666666664,364.2484166666666,232.93759381898454
1604793600,460.1,435.2,431.99,454.3,840908.46841,375679148.23504,2020-11-08,419.35714285714283,403.62199999999996,376.73633333333333,366.04100000000005,233.47843267108166
1604880000,459.1,454.29,433.09,444.32,1099213.24641,491928164.981243,2020-11-09,428.11428571428576,407.412,378.0095,367.7204166666667,234.0462472406181
1604966400,455.0,444.32,438.7,450.34,866872.41108,388190148.207895,2020-11-10,437.0371428571429,410.41,379.28800000000007,369.47741666666667,234.62529801324504
1605052800,476.25,450.34,449.28,463.09,1205782.84262,559228791.890351,2020-11-11,445.6942857142857,412.8655,380.54316666666665,371.3328333333333,235.23944812362032
1605139200,470.0,463.09,451.2,462.39,990776.62912,455971309.216855,2020-11-12,452.2228571428572,415.5295,382.1426666666667,373.1976666666667,235.85048565121414
1605225600,478.01,462.48,457.12,476.43,976665.09752,456232937.20613,2020-11-13,455.1542857142857,418.74399999999997,383.79783333333336,375.2215,236.4732229580574
1605312000,477.47,476.42,452.0,460.89,735252.7854,340142257.193698,2020-11-14,458.8228571428571,421.4955,385.4116666666667,377.12333333333333,237.0441059602649
1605398400,462.89,460.9,440.19,448.08,665217.56671,301406126.459312,2020-11-15,457.9342857142857,424.27349999999996,386.79449999999997,378.89341666666667,237.5992494481236
1605484800,466.0,448.07,445.45,460.55,812060.44638,370889706.699233,2020-11-16,460.2528571428571,427.1285,387.981,380.73875000000004,238.202119205298
1605571200,484.88,460.51,459.8,482.15,1151573.37456,544239665.381752,2020-11-17,464.79714285714283,431.8245,389.6103333333333,382.78991666666667,238.84626931567328
1605657600,495.31,482.11,456.6,478.41,1477696.29116,706704397.410869,2020-11-18,466.9857142857143,436.3884999999999,391.16299999999995,384.7300833333333,239.47406181015452
1605744000,480.75,478.43,464.86,471.25,817418.52685,387199111.379447,2020-11-19,468.2514285714286,440.82649999999995,392.8331666666666,386.4593333333333,240.09359823399558
1605830400,514.4,471.26,470.65,510.12,1516361.90736,756660192.860756,2020-11-20,473.0642857142857,447.0095,395.6625,388.4161666666667,240.80790286975719
1605916800,553.32,510.12,502.82,552.35,1548851.29067,815402228.522812,2020-11-21,486.13,454.79350000000005,399.1315,390.69283333333334,241.6107284768212
1606003200,580.88,552.42,511.28,560.03,1850317.93581,1014064539.08815,2020-11-22,502.1228571428572,463.64399999999995,403.12,392.8159166666666,242.43366445916115
1606089600,610.85,560.03,550.12,608.58,2076008.84846,1218150934.31148,2020-11-23,523.27,474.679,407.44683333333336,395.29575,243.39514348785872
1606176000,623.0,608.58,585.0,604.97,1606450.49193,976376501.311475,2020-11-24,540.8157142857143,484.80300000000005,411.6643333333333,397.65441666666663,244.35752759381896
1606262400,606.0,604.98,553.83,569.5,1219440.02727,716972340.67452,2020-11-25,553.8285714285714,492.44350000000003,415.2573333333333,399.76050000000004,245.24273730684325
1606348800,577.14,569.38,481.0,519.83,2683460.74171,1386030255.16807,2020-11-26,560.7685714285715,495.63950000000006,417.96299999999997,401.44483333333335,246.01152317880795
1606435200,530.62,519.83,493.72,518.68,1088064.28114,558985308.902365,2020-11-27,561.9914285714286,499.813,420.7083333333333,402.97658333333334,246.7796026490066
1606521600,547.94,518.59,506.59,537.52,900508.61431,475169074.690389,2020-11-28,559.8728571428571,503.974,423.6705,404.5698333333333,247.57313465783662
1606608000,576.9,537.5,530.32,576.3,855276.46664,471629262.243299,2020-11-29,562.1971428571429,510.57300000000004,427.27833333333336,406.14733333333334,248.45072847682118
1606694400,616.85,576.32,570.07,616.66,1501989.45408,895373784.830044,2020-11-30,563.3514285714285,518.889,431.67516666666666,408.18266666666665,249.4263134657837
1606780800,635.7,616.65,560.0,585.26,2163875.81376,1300668283.31968,2020-12-01,560.5357142857143,524.9975000000001,435.66949999999997,409.84366666666665,250.33472406181016
1606867200,604.93,585.26,575.0,596.89,1069538.65619,632858653.205023,2020-12-02,564.4485714285714,531.7225000000001,439.85183333333333,411.57099999999997,251.2791169977925
1606953600,623.44,596.88,585.82,615.85,935687.91723,568024618.941039,2020-12-03,578.1657142857142,538.6935000000001,444.2431666666667,413.36375000000004,252.24651214128036
1607040000,620.0,615.84,565.82,567.24,1052452.78666,624543865.900865,2020-12-04,585.1028571428571,544.011,447.8035,414.801,253.0987196467991
1607126400,597.11,567.24,560.88,596.8,701567.95564,410382624.742535,2020-12-05,593.5714285714286,551.4469999999999,452.071,416.6131666666667,254.01761589403972
1607212800,607.5,596.82,583.0,601.54,602496.96339,359236400.294993,2020-12-06,597.1771428571428,558.4965,456.40366666666665,418.31741666666665,254.948587196468
1607299200,603.15,601.59,584.22,591.28,498329.37589,295598087.027998,2020-12-07,593.5514285714286,563.953,460.40916666666664,419.9935833333333,255.86028697571746
1607385600,595.0,591.27,549.22,554.94,804443.00717,461781203.161721,2020-12-08,589.22,567.7795,463.5745,421.32275000000004,256.68637969094925
1607472000,578.08,554.92,530.43,573.09,997192.16738,555142155.882653,2020-12-09,585.8199999999999,572.8715,466.9506666666667,422.94016666666664,257.5520309050773
1607558400,575.7,573.2,548.11,558.99,608414.51466,341352126.267061,2020-12-10,577.6971428571429,575.3149999999999,470.0311666666667,424.3719166666667,258.370706401766
1607644800,560.8,558.99,535.5,544.43,768921.78317,419607430.447346,2020-12-11,574.4385714285714,574.919,472.66316666666665,425.37100000000004,259.15525386313465
1607731200,574.0,544.46,543.1,568.04,573913.95311,320867352.461556,2020-12-12,570.33,575.3195,475.7798333333333,426.45374999999996,259.97384105960265
1607817600,595.0,568.09,563.22,590.7,657794.46158,383072560.34673,2020-12-13,568.7814285714286,574.4255,479.31333333333333,427.77358333333336,260.81900662251655
1607904000,591.48,590.81,575.6,586.29,493012.02706,288110223.952488,2020-12-14,568.0685714285715,573.4915,482.79083333333335,429.04583333333335,261.6492052980132
1607990400,597.2,586.29,578.58,588.64,569270.52011,334543178.369392,2020-12-15,572.8828571428571,574.4485,486.50983333333335,430.36041666666665,262.46245033112586
1608076800,640.0,588.78,580.71,637.18,1185588.05078,725009244.407735,2020-12-16,582.0385714285715,580.316,490.99083333333334,432.15400000000005,263.3877262693157
1608163200,676.25,637.18,625.76,642.7,2006130.01975,1307445033.12182,2020-12-17,593.9971428571428,586.5169999999999,495.40066666666667,434.1143333333333,264.33176600441504
1608249600,664.61,642.71,629.4,653.85,1000012.98018,646217791.229686,2020-12-18,609.6285714285714,592.3335,499.9765,436.09691666666663,265.3089183222958
1608336000,669.95,653.76,645.42,658.03,858803.88459,564029933.258852,2020-12-19,622.4842857142858,596.42,504.8016666666666,438.3474166666666,266.31717439293595
1608422400,661.39,658.05,621.01,638.18,823958.22843,533109285.651948,2020-12-20,629.2671428571429,597.496,508.9316666666666,440.37191666666666,267.3599337748344
1608508800,648.0,638.1,595.9,607.58,843251.16565,524208673.908624,2020-12-21,632.3085714285714,598.612,512.1583333333333,442.1791666666667,268.32598233995583
1608595200,637.73,607.68,588.0,636.45,918851.25654,563872004.633492,2020-12-22,639.1385714285715,600.5899999999999,515.9473333333333,444.0855833333334,269.3646799116998
1608681600,638.44,636.41,551.28,585.56,1208807.36518,733443630.365612,2020-12-23,631.7642857142857,599.0755,518.8376666666667,445.7741666666667,270.2736644591611
1608768000,615.02,585.48,565.43,612.31,886335.86333,519843556.981663,2020-12-24,627.4228571428572,601.329,522.2785,447.6616666666667,271.24236203090504
1608854400,634.24,612.31,604.28,626.82,798009.62915,494089140.857233,2020-12-25,623.5614285714286,602.83,526.1835,449.69124999999997,272.252472406181
1608940800,652.91,626.78,615.26,637.44,958585.50647,607664782.010895,2020-12-26,620.62,604.625,530.0833333333334,451.71066666666667,273.2603973509934
1609027200,717.13,637.44,625.0,685.11,1859968.15029,1247547956.82394,2020-12-27,627.3242857142857,609.3165,535.0313333333332,454.0978333333333,274.3850110375276
1609113600,748.09,685.1,681.04,730.41,1627154.39266,1180438285.48841,2020-12-28,644.8714285714286,618.0899999999999,540.7526666666666,456.6100833333333,275.5995143487859
1609200000,740.78,730.4,689.2,732.0,1106876.35855,794643540.490124,2020-12-29,658.5214285714285,626.0355,546.5778333333333,459.09516666666667,276.8297792494481
1609286400,758.74,732.0,716.62,752.17,1008574.09906,743546676.754463,2020-12-30,682.3228571428572,635.6945,552.673,461.40158333333335,278.10267108167767
1609372800,755.74,752.17,722.0,736.42,863375.57981,638503822.394064,2020-12-31,700.0528571428571,645.294,558.3354999999999,463.8759166666667,279.3392494481236
1609459200,749.0,736.42,714.29,728.91,675114.09329,496072043.777407,2021-01-01,714.6371428571429,653.3375,564.1003333333334,466.7718333333333,280.572825607064
1609545600,787.69,728.91,714.91,774.56,1352618.57668,1024472182.61209,2021-01-02,734.2257142857143,662.5305000000001,570.545,470.016,281.885651214128
1609632000,1011.07,774.44,768.71,978.28,2813603.88615,2522411859.73161,2021-01-03,776.1071428571429,682.1299999999999,580.1415,475.3765833333334,283.64653421633557
1609718400,1162.97,978.33,890.0,1041.43,4245010.94004,4303634203.2196,2021-01-04,820.5385714285715,704.7695,590.5538333333333,481.11516666666665,285.52028697571745
1609804800,1134.6,1041.45,974.45,1099.56,2706995.67525,2857050280.00814,2021-01-05,873.0471428571428,727.8885,601.2813333333332,487.33158333333336,287.52562913907286
1609891200,1213.0,1100.16,1057.26,1208.42,2390136.59334,2725262121.28851,2021-01-06,938.2257142857143,756.1745000000001,614.1681666666667,494.5901666666667,289.7942825607064
1609977600,1289.0,1208.75,1131.0,1224.87,1972922.82059,2406219891.36853,2021-01-07,1008.0042857142856,784.7255,627.011,501.8736666666666,292.10154525386315
1610064000,1273.75,1224.86,1065.0,1216.93,2131172.92341,2543427452.58013,2021-01-08,1077.7214285714285,812.6705,639.8878333333333,508.9486666666666,294.3883885209713
1610150400,1304.37,1216.72,1171.36,1276.0,1448871.11514,1780137376.41647,2021-01-09,1149.3557142857144,844.5615,653.6488333333333,516.4684166666667,296.79298013245034
1610236800,1348.33,1276.0,1170.0,1254.25,1951179.35003,2517791852.40776,2021-01-10,1188.78,876.8949999999999,666.8348333333332,523.689,299.16331125827816
1610323200,1260.0,1254.24,915.0,1087.01,4099450.90046,4323564508.69964,2021-01-11,1195.2914285714285,899.423,677.2451666666667,529.6939166666667,301.17774834437085
1610409600,1150.02,1087.0,1006.33,1050.16,2302645.34052,2491067092.51013,2021-01-12,1188.2342857142855,922.653,686.8073333333333,535.3025833333334,303.1049006622516
1610496000,1137.65,1050.36,987.48,1129.89,1564202.39081,1664178969.0738,2021-01-13,1177.0157142857145,948.5319999999999,697.9573333333334,541.6845,305.2178145695365
1610582400,1247.55,1129.79,1086.7,1231.62,1555737.38556,1825860914.1738,2021-01-14,1177.98,978.7719999999999,711.0163333333333,548.9054166666666,307.55739514348784
1610668800,1256.98,1231.89,1069.42,1168.53,1944038.83738,2302781118.95874,2021-01-15,1171.0657142857142,1005.3265000000001,722.816,555.3985,309.75013245033114
1610755200,1298.0,1168.48,1151.77,1227.83,1575384.43797,1927453174.61179,2021-01-16,1164.1842857142858,1032.4625,735.244,562.4271666666666,312.0765121412804
1610841600,1269.02,1227.83,1165.0,1232.45,1317285.00579,1606424364.49704,2021-01-17,1161.07,1057.5645,747.8113333333332,569.4871666666667,314.41922737306845
1610928000,1260.75,1232.5,1182.58,1258.45,998050.11073,1223628040.73726,2021-01-18,1185.5614285714287,1083.8870000000002,760.9313333333333,576.88225,316.8388741721854
1611014400,1438.3,1258.52,1251.49,1365.36,2278852.55758,3120980923.93031,2021-01-19,1230.59,1114.5465,775.1853333333333,585.4239166666667,319.4988741721854
1611100800,1407.93,1365.36,1235.42,1376.99,2219137.62144,2931656296.467,2021-01-20,1265.8899999999999,1146.575,788.9293333333334,594.0304166666666,322.1379249448123
1611187200,1390.0,1376.72,1086.0,1110.96,2310208.57298,2857288905.57713,2021-01-21,1248.652857142857,1165.6775,798.1114999999999,600.61575,324.1941501103753
1611273600,1273.79,1111.98,1042.31,1232.62,2020593.21673,2360267831.31755,2021-01-22,1257.8085714285714,1188.5805,808.5121666666668,607.9794999999999,326.5095364238411
1611360000,1272.44,1232.61,1195.9,1233.6,1009545.08258,1250575691.76273,2021-01-23,1258.6328571428571,1201.3465,818.9893333333333,615.3268333333333,328.83156732891837
1611446400,1398.83,1233.46,1220.0,1392.51,1510879.53817,1996765627.54052,2021-01-24,1281.4985714285715,1218.9005000000002,832.7061666666667,623.98175,331.48509933774835
1611532800,1475.0,1392.19,1293.69,1317.88,1885441.31289,2644267236.89719,2021-01-25,1289.9885714285715,1229.8165,846.007,631.985,333.99006622516555
1611619200,1378.49,1317.6,1244.56,1365.97,1682923.65799,2216751668.39271,2021-01-26,1290.0757142857142,1237.694,860.1285,640.4184166666668,336.60328918322296
1611705600,1373.9,1366.54,1207.0,1239.03,2009772.08358,2554649901.07484,2021-01-27,1270.3671428571429,1238.402,871.8203333333333,647.7454166666666,338.9348123620309
1611792000,1360.0,1238.93,1217.23,1329.69,1365269.71962,1790490878.19379,2021-01-28,1301.6142857142856,1244.0400000000002,884.3768333333334,655.8275833333333,341.4663355408388
1611878400,1436.9,1329.44,1285.35,1379.5,2253963.18682,3077996801.23177,2021-01-29,1322.597142857143,1249.2150000000001,897.0908333333334,664.383,344.1108388520971
1611964800,1406.0,1379.56,1326.41,1378.05,1040042.2363,1414231402.54388,2021-01-30,1343.2328571428573,1255.4050000000002,910.304,672.98675,346.74293598233993
1612051200,1380.74,1378.04,1281.12,1312.55,958704.85571,1276842259.97135,2021-01-31,1331.81,1266.682,922.2316666666667,681.04175,349.22388520971305
1612137600,1377.99,1312.45,1269.99,1374.17,1096397.91862,1449463766.7238,2021-02-01,1339.8514285714284,1282.8825000000002,934.8703333333334,689.55675,351.8353863134658
1612224000,1547.9,1374.09,1360.28,1511.87,1944227.99878,2821617332.39978,2021-02-02,1360.6942857142858,1301.9815,950.6141666666666,699.2088333333334,354.76075055187636
1612310400,1669.35,1511.93,1508.39,1664.49,1535869.88801,2418887041.58756,2021-02-03,1421.474285714286,1323.625,968.409,710.2399999999999,358.0295143487859
1612396800,1695.2,1664.67,1554.44,1595.67,1646502.32962,2693099602.27561,2021-02-04,1459.4714285714288,1344.982,984.9778333333333,720.69075,361.14381898454747
1612483200,1760.49,1595.53,1591.0,1719.19,1194123.29946,2011685911.16689,2021-02-05,1507.9985714285715,1369.55,1003.7763333333334,732.0927499999999,364.5218101545254
1612569600,1743.67,1718.95,1642.94,1676.35,1149808.33101,1940057857.9439,2021-02-06,1550.612857142857,1391.7450000000001,1022.4665,743.0205000000001,367.81401766004416
1612656000,1693.0,1676.35,1490.46,1611.62,1281734.86814,2044371589.02328,2021-02-07,1593.337142857143,1409.4035,1039.7753333333333,753.3629999999999,370.9586754966887
1612742400,1775.57,1611.46,1563.89,1750.15,1339777.09536,2255426926.01998,2021-02-08,1647.0485714285714,1428.6429999999998,1059.628,764.8295833333334,374.4068874172185
1612828800,1821.88,1749.68,1708.49,1769.13,1185071.89593,2080818891.6989,2021-02-09,1683.8,1448.25,1080.0396666666666,776.3514166666666,377.90403973509933
1612915200,1837.86,1769.14,1680.0,1740.78,1219932.25474,2149076144.40766,2021-02-10,1694.6985714285713,1479.741,1099.5853333333332,787.6825833333334,381.3494701986755
1613001600,1819.0,1740.76,1703.44,1785.62,735079.82699,1301681871.56327,2021-02-11,1721.8342857142857,1507.391,1119.5006666666666,799.4069999999999,384.88865342163353
1613088000,1864.88,1785.83,1739.88,1840.26,909600.20653,1635426867.77409,2021-02-12,1739.1299999999999,1537.724,1140.4001666666668,811.5954999999999,388.54525386313463
1613174400,1871.72,1840.24,1765.0,1814.96,767589.07285,1395594093.284,2021-02-13,1758.9314285714286,1558.8465,1160.838833333333,823.6743333333333,392.15841059602644
1613260800,1850.0,1815.25,1784.11,1800.42,675261.77873,1230043295.03428,2021-02-14,1785.902857142857,1582.9735,1180.2261666666666,835.6085,395.74445916114786
1613347200,1835.72,1800.03,1655.67,1779.25,1053474.57879,1860338371.89741,2021-02-15,1790.06,1603.6375,1199.1686666666667,847.2846666666667,399.28646799116996
1613433600,1827.28,1779.33,1724.0,1781.99,817493.47513,1455884891.92438,2021-02-16,1791.8971428571429,1630.7855,1217.971,858.97375,402.86479028697573
1613520000,1855.0,1781.99,1733.01,1849.88,795711.63311,1437546812.97183,2021-02-17,1807.4828571428573,1656.795,1237.8351666666667,871.3184166666666,406.6182560706402
1613606400,1950.5,1849.7,1849.69,1939.61,937227.10191,1787383532.10238,2021-02-18,1829.4814285714288,1684.8005,1259.525666666667,884.2286666666666,410.5647682119205
1613692800,1972.82,1938.91,1891.0,1955.0,793404.4115,1533991632.12955,2021-02-19,1845.8728571428571,1713.648,1281.9826666666668,897.0704999999999,414.5714790286976
1613779200,2042.34,1955.46,1803.14,1913.0,1261315.81279,2493836246.48715,2021-02-20,1859.8785714285714,1743.6705000000002,1303.2585000000001,909.6029166666666,418.472825607064
1613865600,1976.31,1912.9,1883.01,1933.53,756568.19743,1467970937.28507,2021-02-21,1878.8942857142858,1771.6384999999998,1325.7246666666665,922.2811666666665,422.4155629139073
1613952000,1936.29,1933.54,1551.0,1777.58,1807244.98099,3200483176.97958,2021-02-22,1878.6557142857143,1784.9240000000002,1345.1458333333333,933.7121666666666,426.0026710816777
1614038400,1782.39,1777.42,1355.0,1577.89,2547837.82068,3931407907.53428,2021-02-23,1849.4985714285715,1780.5939999999998,1360.997,943.59025,429.15315673289183
1614124800,1712.7,1577.79,1500.2,1623.39,1384388.81727,2261264845.46507,2021-02-24,1817.142857142857,1781.98,1377.4295,953.7564166666667,432.3955849889624
1614211200,1671.59,1623.16,1459.16,1481.75,1032670.79409,1650582276.87186,2021-02-25,1751.7342857142855,1770.1079999999997,1390.7068333333334,962.8690833333333,435.3324061810154
1614297600,1562.25,1482.08,1400.0,1444.59,1355973.29378,2004016547.11119,2021-02-26,1678.8185714285714,1758.52,1402.6098333333332,971.68125,438.1886092715232
1614384000,1529.0,1444.56,1425.0,1458.13,927423.0475,1375946816.33254,2021-02-27,1613.837142857143,1750.8455000000001,1414.712,980.6449166666666,441.07929359823396
1614470400,1468.75,1458.27,1293.18,1419.18,1410207.56284,1929140046.64626,2021-02-28,1540.3585714285714,1734.297,1425.8288333333333,989.2509166666666,443.88726269315674
1614556800,1572.0,1418.67,1409.91,1569.86,1094695.17839,1642627276.31056,2021-03-01,1510.6842857142856,1724.3335,1439.7195,999.0275,447.0318101545254
1614643200,1602.9,1570.0,1455.52,1486.78,1061142.38743,1627312282.62353,2021-03-02,1497.6685714285716,1711.6335,1452.3506666666665,1008.2255000000001,449.9869536423841
1614729600,1656.94,1486.79,1475.47,1567.69,1054846.31471,1676300215.04583,2021-03-03,1489.7114285714288,1700.7369999999999,1465.5695,1018.05725,453.11993377483446
1614816000,1624.87,1567.68,1506.36,1539.23,946365.67088,1476463517.98649,2021-03-04,1497.922857142857,1685.6855,1474.9186666666667,1027.5300833333333,456.1929801324503
1614902400,1548.96,1539.22,1441.66,1528.31,910786.28976,1355798089.2727,2021-03-05,1509.8828571428571,1671.3530000000003,1483.0333333333333,1036.7935833333333,459.2346357615894
1614988800,1671.58,1528.08,1513.03,1650.35,1013300.93928,1611851701.82402,2021-03-06,1537.3428571428572,1663.8494999999998,1492.2131666666667,1046.7472500000001,462.5524503311258
1615075200,1734.16,1650.68,1630.35,1726.16,848470.78136,1414988218.19354,2021-03-07,1581.1971428571428,1661.1950000000002,1500.8421666666666,1057.5051666666666,466.04163355408383
1615161600,1843.59,1726.46,1664.96,1833.18,1149711.39987,1995142128.64813,2021-03-08,1618.814285714286,1663.7545000000002,1510.9806666666666,1068.9958333333334,469.7718543046357
1615248000,1870.77,1833.22,1798.2,1870.51,857229.47855,1570286249.4509,2021-03-09,1673.6328571428571,1664.786,1521.8736666666666,1080.88075,473.58121412803536
1615334400,1877.69,1870.5,1757.0,1795.12,937230.62831,1706230875.26766,2021-03-10,1706.122857142857,1657.5615000000003,1530.5256666666667,1092.0872499999998,477.22430463576154
1615420800,1846.7,1795.28,1725.0,1825.78,909011.4961,1627027458.0888,2021-03-11,1747.0585714285714,1651.1005,1540.0511666666666,1103.443,480.9417218543046
1615507200,1841.88,1825.78,1719.72,1766.1,869564.6361,1542873062.4201,2021-03-12,1781.0285714285715,1643.7555,1551.3693333333333,1114.3072500000003,484.5259161147903
1615593600,1944.3,1766.13,1727.75,1922.35,926283.22642,1718553131.96147,2021-03-13,1819.8857142857144,1643.1965,1565.9058333333332,1126.3565833333332,488.4765121412804
1615680000,1933.1,1922.35,1836.0,1848.1,637963.63627,1200354205.60336,2021-03-14,1837.3057142857142,1646.7224999999999,1577.876,1137.9166666666667,492.28715231788084
1615766400,1891.76,1848.1,1730.0,1793.48,1025326.79658,1842608872.76306,2021-03-15,1831.6342857142856,1657.502,1587.2403333333334,1149.1283333333333,495.95315673289184
1615852800,1819.5,1793.99,1711.68,1805.12,764993.40147,1360127229.78992,2021-03-16,1822.292857142857,1666.5885000000003,1597.8501666666668,1160.3330833333334,499.65518763796905
1615939200,1838.88,1805.01,1741.18,1823.58,658349.44843,1177718486.96461,2021-03-17,1826.3585714285714,1683.6799999999998,1607.7793333333332,1171.5116666666665,503.3977704194261
1616025600,1850.0,1823.58,1759.04,1776.08,603721.61056,1092346826.55369,2021-03-18,1819.2585714285713,1700.2544999999998,1616.8398333333332,1182.3255833333335,507.0381456953642
1616112000,1840.61,1775.92,1733.47,1809.1,500258.42875,901801564.202326,2021-03-19,1825.4014285714286,1717.8029999999999,1626.0173333333335,1193.4743333333333,510.74015452538634
1616198400,1868.83,1809.01,1800.86,1806.1,451556.10639,828404987.652774,2021-03-20,1808.7942857142855,1737.149,1633.363,1204.2741666666666,514.4450110375276
1616284800,1817.16,1806.57,1747.0,1782.98,465953.98749,830951276.513076,2021-03-21,1799.4914285714287,1747.8049999999998,1640.1295,1214.5294166666667,518.098940397351
1616371200,1807.51,1783.23,1655.15,1680.97,582727.49081,1019780398.78219,2021-03-22,1783.418571428571,1757.5145,1649.6296666666667,1223.8705833333333,521.5335540838853
1616457600,1721.17,1681.17,1650.0,1668.08,577213.99589,975522491.064042,2021-03-23,1763.8414285714284,1762.534,1656.8873333333333,1232.6997499999998,524.9386313465784
1616544000,1740.86,1668.2,1536.92,1581.84,753834.52393,1251031751.15638,2021-03-24,1729.3071428571427,1764.6645,1662.6913333333332,1240.8403333333335,528.151766004415
1616630400,1622.0,1581.88,1549.4,1585.74,701697.00258,1115502879.62915,2021-03-25,1702.1157142857141,1767.5359999999996,1665.911833333333,1249.3090000000002,531.3694922737307
1616716800,1699.93,1585.83,1585.79,1698.84,515470.92907,844707873.914771,2021-03-26,1686.3642857142856,1769.9605,1672.2611666666667,1259.1340833333334,534.8230905077263
1616803200,1732.67,1698.84,1666.41,1712.63,443845.49957,753555521.644656,2021-03-27,1673.0114285714287,1769.284,1678.0388333333333,1269.0836666666667,538.3132450331126
1616889600,1725.66,1712.52,1661.4,1687.01,348895.51314,592836644.599339,2021-03-28,1659.3014285714285,1761.9755,1685.5051666666666,1278.66275,541.7522075055188
1616976000,1841.0,1687.16,1677.85,1816.74,647724.46387,1148231088.81159,2021-03-29,1678.697142857143,1759.2869999999998,1693.6226666666666,1288.99975,545.473995584989
1617062400,1859.13,1816.76,1786.3,1840.46,568842.00526,1039262033.38676,2021-03-30,1703.3228571428572,1761.5539999999996,1701.3053333333335,1299.1980833333332,549.2560485651214
1617148800,1947.29,1840.41,1768.15,1919.37,746995.8591,1387448329.86187,2021-03-31,1751.5414285714287,1766.2334999999998,1710.3273333333334,1310.3156666666666,553.1964900662252
1617235200,1984.77,1919.37,1885.02,1968.05,741585.07266,1438751530.78723,2021-04-01,1806.1571428571428,1776.3309999999997,1721.2523333333334,1321.742,557.2447240618101
1617321600,2146.0,1968.05,1948.48,2133.69,846197.93215,1719752062.51673,2021-04-02,1868.2785714285715,1786.898,1733.911,1334.3906666666667,561.6560264900662
1617408000,2138.12,2133.69,1996.3,2008.52,770176.32192,1601516390.59712,2021-04-03,1910.5485714285712,1794.9190000000003,1742.1885000000002,1346.4013333333335,565.7716335540839
1617494400,2091.83,2008.59,1975.24,2075.69,514345.76554,1050448906.4424,2021-04-04,1966.0742857142857,1809.0294999999999,1749.0418333333332,1358.7254166666667,570.0384988962472
1617580800,2130.64,2075.7,2002.15,2107.38,684923.61494,1419084945.81379,2021-04-05,2007.5942857142857,1824.1425000000004,1757.5703333333333,1371.2740833333335,574.3799116997792
1617667200,2151.0,2107.43,2044.65,2112.21,673386.05575,1420490813.03906,2021-04-06,2046.4157142857143,1838.574,1764.1206666666667,1383.9485,578.7385651214129
1617753600,2129.01,2112.22,1930.01,1963.47,892984.90422,1798606574.05356,2021-04-07,2052.7157142857145,1847.9435,1768.906,1395.68625,582.7532008830023
1617840000,2084.61,1963.46,1947.35,2080.46,501355.998,1015796231.01188,2021-04-08,2068.7742857142857,1861.5115,1776.72,1408.2476666666666,587.0315231788079
1617926400,2100.0,2080.39,2047.57,2066.87,426387.4379,885134116.022906,2021-04-09,2059.2285714285713,1874.55,1781.9986666666666,1420.813333333333,591.2706622516556
1618012800,2200.0,2067.19,2058.0,2133.49,655458.20894,1405364881.85831,2021-04-10,2077.0814285714287,1892.0755000000001,1788.0713333333333,1434.0555,595.6633995584989
1618099200,2165.02,2133.49,2113.4,2151.36,392265.50773,839653140.940591,2021-04-11,2087.8914285714286,1915.595,1794.9143333333334,1447.249833333333,600.0468874172185
1618185600,2203.46,2151.42,2102.0,2137.69,579093.35694,1244982956.77003,2021-04-12,2092.2214285714285,1939.0754999999997,1800.7821666666669,1460.1414166666666,604.3985209713024
1618272000,2318.0,2137.86,2135.53,2299.19,782608.6209,1745821661.49661,2021-04-13,2118.9328571428573,1974.943,1808.431,1474.4155833333332,609.1115011037527
1618358400,2447.29,2299.19,2281.33,2432.6,972931.60866,2294753430.62741,2021-04-14,2185.9514285714286,2017.286,1818.725,1489.7819166666668,614.1065342163356
1618444800,2543.47,2432.59,2400.0,2514.04,681950.96645,1680063463.60112,2021-04-15,2247.8914285714286,2058.046,1830.6186666666667,1505.4224166666668,619.271876379691
1618531200,2548.29,2514.04,2300.0,2422.67,999163.75205,2418566593.04737,2021-04-16,2298.72,2093.548,1841.3423333333335,1520.2555,624.2517439293598
1618617600,2495.0,2422.38,2310.0,2317.6,624232.25568,1504895144.91223,2021-04-17,2325.0214285714287,2125.0775,1850.2691666666665,1534.1200833333335,628.9994922737307
1618704000,2340.0,2317.65,1946.8,2235.64,1475383.69204,3190809322.51046,2021-04-18,2337.0614285714287,2146.0225,1856.6985,1547.2668333333334,633.5605298013245
1618790400,2300.0,2235.65,2080.0,2161.12,820592.26555,1800575928.10749,2021-04-19,2340.4085714285716,2162.0555,1860.3903333333333,1559.958,637.9601986754966
1618876800,2346.62,2161.12,2055.0,2330.03,992240.809,2181209665.22594,2021-04-20,2344.8142857142857,2182.5885,1866.6408333333334,1574.31175,642.7443487858719
1618963200,2469.54,2330.26,2235.16,2357.06,1177885.8617,2771995884.03615,2021-04-21,2334.022857142857,2202.039,1874.0418333333332,1588.6501666666668,647.5887637969096
1619049600,2644.47,2357.06,2303.44,2397.94,2220753.09746,5508778905.78142,2021-04-22,2317.4371428571426,2215.2515,1881.782,1603.7533333333336,652.5282560706403
1619136000,2442.89,2397.94,2107.0,2367.39,2532242.44185,5719925451.74556,2021-04-23,2309.54,2233.1949999999997,1891.6121666666666,1618.379,657.3837306843266
1619222400,2368.74,2367.39,2154.8,2213.35,997688.94623,2246912953.27178,2021-04-24,2294.6471428571426,2240.0780000000004,1902.2031666666667,1631.6000833333335,661.8942604856513
1619308800,2356.64,2214.08,2168.0,2320.49,857517.38218,1948978895.46516,2021-04-25,2306.7685714285712,2250.7335,1913.8214999999998,1645.6254999999999,666.6290286975718
1619395200,2542.8,2320.44,2303.64,2532.6,1076469.01367,2652330344.66202,2021-04-26,2359.837142857143,2271.7529999999997,1931.3356666666666,1661.02125,671.8362693156732
1619481600,2680.0,2532.06,2480.29,2666.13,771728.46451,1995139023.61484,2021-04-27,2407.8514285714286,2306.8859999999995,1951.6946666666665,1677.1522499999999,677.3140618101544
1619568000,2760.0,2666.13,2559.44,2748.24,999383.1852,2673547154.20087,2021-04-28,2463.7342857142858,2340.275,1973.1964999999998,1693.9542499999998,682.9834878587195
1619654400,2798.0,2748.23,2668.0,2757.04,863890.01069,2366133509.2548,2021-04-29,2515.0342857142855,2374.7835,1995.4941666666666,1710.6615,688.6643708609272
1619740800,2798.3,2757.04,2723.09,2772.42,695339.20482,1917297701.09952,2021-04-30,2572.8957142857143,2406.73,2015.5368333333333,1727.6281666666666,694.3685209713025
1619827200,2954.28,2772.42,2743.41,2944.77,690260.07741,1979833188.0652,2021-05-01,2677.3842857142854,2446.4004999999997,2039.8366666666666,1746.0936666666666,700.4503752759382
1619913600,2985.0,2944.83,2852.26,2949.56,571982.5445,1672310882.2447,2021-05-02,2767.2514285714283,2486.994,2062.8678333333332,1764.2186666666666,706.5445253863135
1620000000,3454.0,2949.33,2949.32,3431.04,1329088.0628,4243786480.41515,2021-05-03,2895.6,2543.5865,2094.398,1784.6583333333333,713.6687196467991
1620086400,3527.0,3431.04,3160.0,3239.01,1826039.38558,6103102520.70946,2021-05-04,2977.4399999999996,2583.907,2122.9096666666665,1802.9714999999999,720.348233995585
1620172800,3549.34,3239.01,3200.23,3524.26,1174816.73588,3955994776.90116,2021-05-05,3088.3,2634.418,2154.1415,1823.1773333333333,727.6350551876379
1620259200,3605.4,3524.33,3376.47,3489.73,920592.57706,3213427394.77727,2021-05-06,3192.9700000000003,2687.7709999999997,2183.5343333333335,1842.18825,734.8462693156732
1620345600,3587.0,3489.74,3353.23,3479.53,760544.64781,2641740668.46965,2021-05-07,3293.9857142857145,2745.8675000000003,2210.9735,1860.9770833333334,742.0229580573952
1620432000,3958.33,3479.79,3449.27,3910.26,1130467.54852,4170897763.92239,2021-05-08,3431.912857142858,2829.5985,2244.9693333333335,1883.4215,750.1628476821191
1620518400,3983.65,3910.26,3726.08,3923.95,1000401.0082,3885039042.66371,2021-05-09,3571.1114285714284,2917.7400000000002,2280.449833333333,1905.48775,758.3024944812362
1620604800,4208.0,3923.95,3650.0,3945.88,1505897.92612,6079977785.41139,2021-05-10,3644.66,2998.5325000000003,2315.784833333333,1927.9180000000001,766.4264238410595
1620691200,4180.22,3946.63,3771.64,4173.45,1095927.10403,4350260231.58879,2021-05-11,3778.151428571429,3089.352,2355.9073333333336,1953.638333333333,775.0470198675497
1620777600,4372.72,4173.46,3701.58,3823.21,1601842.74017,6673102683.97424,2021-05-12,3820.8585714285714,3160.6155000000003,2387.588333333333,1976.7470833333332,782.8573068432672
1620864000,4034.77,3810.15,3500.0,3717.91,2068708.17427,7846531159.41969,2021-05-13,3853.4557142857143,3228.1415,2418.7518333333337,1998.3139166666667,790.4798896247241
1620950400,4173.28,3717.92,3691.35,4075.01,1153390.42631,4569415542.24789,2021-05-14,3938.524285714286,3321.2244999999994,2456.7773333333334,2022.0088333333333,798.9040838852097
1621036800,4134.05,4075.02,3632.0,3646.68,1039174.88082,4030586492.96494,2021-05-15,3900.87,3387.5339999999997,2487.4700000000003,2042.6600833333334,806.3628697571744
1621123200,3879.0,3646.24,3343.06,3582.1,1324065.65875,4788918304.498,2021-05-16,3852.0342857142855,3440.0089999999996,2516.7786666666666,2062.279,813.6465121412804
1621209600,3587.06,3581.81,3102.0,3282.51,1904012.43998,6401071580.73483,2021-05-17,3757.2671428571434,3470.828,2541.8858333333333,2079.3628333333336,820.3221412803532
1621296000,3565.71,3282.25,3240.0,3375.07,1287110.84143,4392873871.82243,2021-05-18,3643.2128571428575,3502.1695,2567.985333333333,2097.001333333333,827.2053863134657
1621382400,3441.73,3375.08,1888.0,2438.92,4309836.31939,11641524166.9875,2021-05-19,3445.457142857143,3486.2635,2578.5323333333336,2105.9476666666665,832.0037306843266
1621468800,2990.05,2438.92,2155.0,2768.62,2942777.9301,7750201898.66744,2021-05-20,3309.844285714286,3486.0735,2594.959666666667,2117.5445833333333,837.5380573951436
1621555200,2938.54,2767.87,2101.0,2430.98,2727031.93514,6898701128.84113,2021-05-21,3074.9828571428566,3460.3839999999996,2607.4598333333333,2128.54475,842.2985430463576
1621641600,2485.0,2430.98,2145.0,2294.87,1684318.01157,3934313840.47073,2021-05-22,2881.867142857143,3427.6494999999995,2617.9063333333334,2137.3968333333332,846.778344370861
1621728000,2381.57,2295.45,1728.74,2096.39,2914548.73125,5907260139.54496,2021-05-23,2669.6228571428574,3360.917,2626.4821666666667,2144.58675,850.8616114790287
1621814400,2675.0,2096.63,2079.94,2648.43,2186632.92245,5180244966.72123,2021-05-24,2579.04,3331.388,2644.1936666666666,2155.05275,856.2137086092715
1621900800,2750.0,2647.92,2378.54,2705.11,2115349.50445,5442737549.40126,2021-05-25,2483.3314285714287,3290.4305,2660.9648333333334,2166.6130000000003,861.6824061810155
1621987200,2910.0,2705.1,2643.0,2884.94,1583799.59251,4416389128.58148,2021-05-26,2547.0485714285714,3260.1910000000003,2680.5033333333336,2179.2710833333335,867.550353200883
1622073600,2889.74,2884.82,2633.68,2742.23,1099029.91206,3033719144.34021,2021-05-27,2543.2785714285715,3223.326,2698.090333333333,2191.79775,873.1243487858719
1622160000,2762.45,2742.23,2327.38,2412.1,1554584.61362,3934662309.04442,2021-05-28,2540.5814285714287,3148.418,2708.013,2200.8178333333335,877.9682560706402
1622246400,2574.27,2412.34,2204.1,2278.74,1379427.18851,3288804154.83187,2021-05-29,2538.277142857143,3066.1575,2715.317666666667,2208.3115000000003,882.4865121412804
1622332800,2476.42,2278.74,2180.53,2385.98,1151113.19883,2726606138.63172,2021-05-30,2579.6471428571426,2988.1625,2723.0944999999997,2216.7109166666664,887.259293598234
1622419200,2720.0,2385.82,2271.44,2706.15,1307958.04068,3277131772.13407,2021-05-31,2587.8928571428573,2914.7975,2735.3961666666664,2228.3242499999997,892.7380794701987
1622505600,2740.0,2706.15,2523.74,2634.57,1179577.10806,3081355010.95345,2021-06-01,2577.815714285714,2855.3655,2743.7441666666664,2238.827583333333,898.049757174393
1622592000,2802.99,2634.31,2550.0,2706.22,970070.53563,2616566301.62879,2021-06-02,2552.2842857142855,2804.781,2755.3725,2248.7805,903.4831788079471
1622678400,2891.95,2706.21,2662.4,2857.25,1024290.89423,2874856613.49024,2021-06-03,2568.7157142857145,2743.893,2768.3985000000002,2258.7201666666665,909.2678587196467
1622764800,2860.0,2857.25,2552.0,2689.51,1188314.11191,3175186750.49088,2021-06-04,2608.345714285714,2696.0345,2778.1006666666667,2267.8355,914.7656732891832
1622851200,2816.87,2689.54,2552.23,2627.73,961824.12413,2575726370.43086,2021-06-05,2658.2014285714286,2648.316,2786.692666666667,2275.406666666667,920.1184105960264
1622937600,2745.0,2627.63,2614.0,2711.92,673792.69369,1814112037.53351,2021-06-06,2704.764285714286,2619.7864999999997,2799.1668333333337,2284.036416666667,925.6625165562914
1623024000,2847.55,2711.92,2570.0,2592.05,1152128.07856,3149245176.91126,2021-06-07,2688.464285714286,2580.6355,2807.693333333333,2292.2066666666665,930.9551434878587
1623110400,2620.99,2592.05,2304.91,2507.23,1693747.42759,4201646662.88173,2021-06-08,2670.272857142857,2584.0510000000004,2815.0326666666665,2298.5156666666667,936.2500220750552
1623196800,2626.63,2507.43,2405.28,2610.18,1276718.24011,3223323188.07038,2021-06-09,2656.552857142857,2576.129,2822.9775,2305.5244166666666,941.7178145695364
1623283200,2624.46,2610.2,2425.11,2471.09,741237.49926,1874571746.43544,2021-06-10,2601.387142857143,2578.1345,2828.306333333333,2311.610333333333,946.9027814569537
1623369600,2497.99,2471.01,2321.37,2354.01,587364.27358,1424975261.80772,2021-06-11,2553.4585714285713,2581.0915,2831.911666666667,2316.346916666667,951.8262030905078
1623456000,2454.53,2354.09,2256.22,2370.74,767439.4984,1807036943.99862,2021-06-12,2516.7457142857143,2594.809,2833.1041666666665,2320.7675833333333,956.8159161147903
1623542400,2548.41,2370.64,2308.41,2509.33,715948.75986,1724097564.33431,2021-06-13,2487.804285714286,2587.8540000000003,2834.3830000000003,2326.5540000000005,962.098830022075
1623628800,2609.17,2509.33,2461.0,2580.77,684183.55622,1730260219.13381,2021-06-14,2486.192857142857,2581.6369999999997,2835.4951666666666,2333.0569166666664,967.5355187637969
1623715200,2640.0,2580.58,2507.7,2543.54,599826.64933,1548303436.06276,2021-06-15,2491.38,2564.567,2837.509666666667,2339.426,972.8495143487859
1623801600,2556.19,2543.55,2351.18,2367.89,624741.78358,1533734359.41301,2021-06-16,2456.7671428571425,2545.85,2838.3478333333333,2344.3085,977.7819867549669
1623888000,2460.5,2368.02,2306.0,2373.28,560667.58566,1338389545.00148,2021-06-17,2442.7942857142853,2543.909,2840.641833333333,2348.6701666666663,982.7281677704194
1623974400,2378.0,2373.28,2139.0,2234.09,778905.20197,1758827532.88334,2021-06-18,2425.662857142857,2541.6765000000005,2841.858,2351.124166666667,987.3899116997791
1624060800,2278.82,2234.09,2161.67,2164.67,496872.24997,1104923869.4186,2021-06-19,2396.2242857142855,2530.611,2839.102,2352.871416666667,991.8683885209713
1624147200,2280.01,2165.34,2040.68,2243.47,743883.64741,1599009750.5269,2021-06-20,2358.2442857142855,2507.477,2837.208833333333,2355.625333333333,996.515298013245
1624233600,2260.16,2243.49,1865.54,1885.49,1629819.66576,3252129521.6775,2021-06-21,2258.9185714285713,2470.023,2828.6679999999997,2355.225,1000.3770860927152
1624320000,1998.0,1885.27,1700.48,1879.28,1695338.08052,3158928001.13114,2021-06-22,2164.0242857142857,2428.676,2820.532833333333,2356.0725,1004.2200883002208
1624406400,2045.0,1879.29,1821.95,1968.14,918612.30494,1817518228.91007,2021-06-23,2106.917142857143,2384.2205,2816.4460000000004,2359.3245833333335,1008.2748565121414
1624492800,2036.61,1967.95,1884.79,1989.52,701231.67478,1377799766.49946,2021-06-24,2052.094285714286,2349.221,2810.929833333333,2362.375666666667,1012.3775938189846
1624579200,2019.99,1989.53,1791.22,1808.82,858808.54767,1612556879.10728,2021-06-25,1991.3414285714284,2308.2755,2798.8668333333335,2365.1012499999997,1016.0957395143488
1624665600,1852.8,1808.97,1717.32,1829.64,832315.14904,1478550576.56464,2021-06-26,1943.48,2264.1615,2784.9253333333336,2368.31,1019.8431567328919
1624752000,1984.5,1829.84,1804.26,1982.28,696055.79307,1299521992.0718,2021-06-27,1906.1671428571428,2233.673,2772.1593333333335,2372.677916666667,1023.9260706401765
1624838400,2145.0,1982.27,1960.52,2084.41,1044244.68308,2138998047.87763,2021-06-28,1934.5842857142857,2212.532,2760.948833333334,2378.2215,1028.2278807947018
1624924800,2245.0,2084.42,2073.57,2165.33,831257.23277,1804733069.98299,2021-06-29,1975.4485714285713,2190.2895,2750.8306666666667,2383.1837499999997,1032.695982339956
1625011200,2287.78,2165.46,2087.99,2275.68,910583.6032,1973676680.87313,2021-06-30,2019.3828571428571,2180.519,2739.679166666667,2389.757916666667,1037.4076158940397
1625097600,2275.93,2275.68,2073.12,2106.41,787865.25137,1688043308.12726,2021-07-01,2036.0814285714284,2168.139,2725.6266666666666,2394.24725,1041.739426048565
1625184000,2160.0,2106.41,2018.5,2154.13,672282.37476,1397269246.26646,2021-07-02,2085.4114285714286,2157.3085,2704.3448333333336,2399.371416666667,1046.1797130242826
1625270400,2240.0,2153.95,2112.01,2226.99,569264.801,1248888441.25315,2021-07-03,2142.175714285714,2143.1915,2687.477833333333,2405.19375,1050.7176158940397
1625356800,2389.93,2226.99,2189.58,2322.69,590656.25069,1365904900.34991,2021-07-04,2190.805714285714,2130.2875,2667.451666666667,2410.7965833333333,1055.4815452538633
1625443200,2324.64,2322.69,2157.32,2196.53,781806.31605,1753862827.3791,2021-07-05,2206.822857142857,2112.937,2645.898333333333,2414.7163333333333,1059.9482560706401
1625529600,2350.0,2196.85,2193.0,2322.5,785330.17152,1803108194.46841,2021-07-06,2229.2757142857145,2110.6675,2626.6145,2418.7940000000003,1064.7009713024283
1625616000,2409.0,2322.51,2291.9,2316.57,666501.35572,1570553094.63757,2021-07-07,2235.117142857143,2107.832,2600.053,2422.5111666666667,1069.466445916115
1625702400,2325.6,2316.25,2084.79,2116.33,880265.04124,1926184139.30985,2021-07-08,2236.5342857142855,2101.944,2569.926,2425.187916666667,1073.7887417218542
1625788800,2189.4,2116.32,2046.51,2146.99,738611.36304,1568646237.311,2021-07-09,2235.514285714286,2101.06,2539.9445,2427.864666666667,1078.178145695364
1625875200,2194.82,2146.99,2074.16,2110.69,499071.85904,1058023794.51142,2021-07-10,2218.9,2094.421,2505.5651666666668,2430.7362500000004,1082.4924944812362
1625961600,2174.0,2110.68,2081.02,2140.45,342294.40302,727911535.268998,2021-07-11,2192.8657142857146,2107.169,2477.5191666666665,2432.5537499999996,1086.867770419426
1626048000,2167.83,2140.54,2006.68,2031.58,540630.10742,1126108847.37137,2021-07-12,2169.3014285714285,2114.784,2449.413666666667,2434.08275,1091.0153421633554
1626134400,2047.35,2031.57,1918.0,1940.15,647388.24969,1287490852.4615,2021-07-13,2114.68,2113.3845,2413.8326666666667,2435.3050000000003,1094.9179028697572
1626220800,2019.18,1940.44,1865.0,1994.58,690505.60937,1342931974.34965,2021-07-14,2068.6814285714286,2113.6375,2386.2976666666664,2436.8838333333333,1098.9441501103752
1626307200,2042.88,1994.41,1881.0,1919.51,645271.32563,1251834409.94177,2021-07-15,2040.564285714286,2119.1719999999996,2358.587833333333,2437.68325,1102.7677924944812
1626393600,1965.0,1919.54,1850.0,1876.26,577068.89724,1097832472.32213,2021-07-16,2001.8885714285716,2121.5029999999997,2335.1503333333335,2438.5180833333334,1106.5122295805738
1626480000,1919.19,1876.47,1844.45,1899.59,430300.51578,810628641.257902,2021-07-17,1971.7314285714285,2117.3685,2310.559,2439.272166666667,1110.329867549669
1626566400,1993.79,1899.5,1877.1,1891.64,534837.63654,1038104997.52202,2021-07-18,1936.1871428571428,2107.73,2301.4376666666662,2439.9849999999997,1114.1287637969094
1626652800,1919.0,1891.65,1805.0,1818.73,547419.93771,1011627398.92388,2021-07-19,1905.78,2090.4,2285.6061666666665,2440.2829166666666,1117.7403090507728
1626739200,1841.34,1818.73,1706.0,1786.03,786257.272,1386498470.34017,2021-07-20,1883.7628571428572,2065.9175,2274.8570000000004,2441.158416666666,1121.2734657836645
1626825600,2035.23,1786.03,1747.55,1995.5,1115949.82033,2138345813.78545,2021-07-21,1883.8942857142858,2060.372,2269.8675,2443.886916666667,1125.2644370860926
1626912000,2046.0,1995.5,1947.62,2024.56,768854.3659,1536669128.52045,2021-07-22,1898.9014285714286,2053.8935,2268.6703333333335,2447.5762499999996,1129.304944812362
1626998400,2130.9,2024.27,1993.22,2124.25,708160.91322,1455496732.05165,2021-07-23,1934.3285714285714,2048.7565000000004,2259.934,2452.063833333333,1133.5585209713024
1627084800,2199.5,2124.26,2105.58,2184.75,633075.18592,1360667031.98301,2021-07-24,1975.0657142857144,2041.8595,2251.2613333333334,2456.1130833333327,1137.9479470198676
1627171200,2197.41,2184.9,2105.93,2189.79,535630.27,1154562327.65394,2021-07-25,2017.6585714285716,2041.5225000000003,2239.6755,2460.089416666667,1142.3487196467993
1627257600,2433.65,2189.82,2171.57,2228.08,1393738.163,3222622416.25672,2021-07-26,2076.137142857143,2036.8015,2231.1063333333336,2464.5983333333334,1146.7918101545254
1627344000,2319.26,2227.81,2150.5,2299.49,906359.23478,2025582065.41379,2021-07-27,2149.488571428571,2035.9475000000002,2229.2295000000004,2468.6212500000006,1151.4130242825606
1627430400,2345.0,2299.47,2243.15,2300.9,718202.57727,1649860557.29345,2021-07-28,2193.117142857143,2045.176,2229.598833333334,2472.45825,1156.024238410596
1627516800,2400.0,2300.9,2266.12,2382.92,499364.83496,1157988358.94629,2021-07-29,2244.3114285714287,2056.9725000000003,2229.547833333333,2476.3211666666666,1160.812362030905
1627603200,2471.7,2382.93,2315.92,2461.81,762577.28797,1824191451.55863,2021-07-30,2292.5342857142855,2074.5285,2225.4755,2480.435833333334,1165.7835540838853
1627689600,2553.86,2461.77,2420.68,2531.05,507601.05026,1253810139.13837,2021-07-31,2342.0057142857145,2094.0585,2223.7501666666667,2483.747166666667,1170.915055187638
1627776000,2697.61,2531.1,2511.24,2555.69,853495.94078,2217485596.77845,2021-08-01,2394.2771428571427,2120.264,2221.2413333333334,2488.306916666667,1176.1035761589405
1627862400,2666.0,2555.5,2507.0,2606.93,726701.84952,1887684672.47105,2021-08-02,2448.3985714285714,2153.603,2217.0693333333334,2492.7339166666666,1181.419161147903
1627948800,2632.44,2606.92,2442.32,2509.04,792960.84375,1986976146.00415,2021-08-03,2478.3342857142857,2179.326,2214.0615000000003,2496.081083333333,1186.4898896247241
1628035200,2772.71,2508.51,2457.68,2724.78,954590.7536,2498364633.89466,2021-08-04,2538.8885714285716,2219.5895,2215.6789999999996,2501.185833333334,1192.0383885209712
1628121600,2843.98,2724.55,2529.91,2826.99,1307720.20654,3553456266.77197,2021-08-05,2602.327142857143,2267.126,2217.5968333333335,2508.3818333333334,1197.8152538631348
1628208000,2946.75,2827.01,2720.06,2891.58,825399.48637,2334160884.12593,2021-08-06,2663.7228571428573,2316.7254999999996,2222.589,2515.141166666667,1203.7844370860926
1628294400,3171.0,2891.54,2865.5,3160.31,1205277.10095,3673732670.31735,2021-08-07,2753.617142857143,2380.159,2233.4736666666668,2524.253166666667,1210.3508388520972
1628380800,3189.99,3160.48,2949.03,3011.85,966349.70579,2979960615.13003,2021-08-08,2818.782857142857,2439.815,2240.168166666667,2531.572833333333,1216.5806181015453
1628467200,3186.0,3011.84,2893.23,3160.52,1129584.61614,3453771928.06034,2021-08-09,2897.867142857143,2508.5395,2251.658666666667,2539.9825,1223.1169094922739
1628553600,3233.0,3160.51,3051.22,3141.66,880675.74443,2763516346.66779,2021-08-10,2988.241428571429,2565.8475000000003,2264.7861666666668,2548.348916666667,1229.6033774834436
1628640000,3274.0,3141.14,3120.27,3160.5,732546.60433,2351996141.79722,2021-08-11,3050.4871428571423,2622.6445,2277.948833333334,2555.5265,1236.1500441501103
1628726400,3239.0,3160.4,2979.29,3045.96,737628.45808,2283938414.77176,2021-08-12,3081.7685714285717,2668.73,2286.8926666666666,2560.6378333333337,1242.431523178808
1628812800,3327.83,3046.11,3033.8,3322.32,579333.40323,1867199038.70778,2021-08-13,3143.302857142857,2725.6085,2299.2518333333337,2567.3735,1249.308609271523
1628899200,3330.98,3322.33,3200.0,3263.16,486102.53787,1587713825.68618,2021-08-14,3157.9957142857143,2779.2769999999996,2311.2454999999995,2574.3775833333334,1256.037637969095
1628985600,3320.0,3263.16,3111.13,3307.09,565579.67765,1813755247.62539,2021-08-15,3200.172857142857,2833.2275,2326.8988333333336,2582.623333333334,1262.864370860927
1629072000,3335.0,3307.35,3135.22,3146.53,635667.05422,2062860388.39545,2021-08-16,3198.174285714286,2875.5795,2339.786333333334,2590.2140833333333,1269.3468211920529
1629158400,3290.0,3147.18,2991.89,3011.72,804996.06971,2535149204.5376,2021-08-17,3179.6114285714284,2911.1205,2352.746833333333,2597.302416666667,1275.556490066225
1629244800,3125.81,3011.73,2950.0,3014.55,625103.25568,1902429362.96362,2021-08-18,3158.7614285714285,2942.702,2366.9115,2603.00675,1281.7533774834437
1629331200,3188.0,3014.18,2958.33,3184.12,634769.92174,1931520693.6104,2021-08-19,3178.4985714285713,2978.8175,2382.589,2609.8989166666665,1288.3262693156735
1629417600,3300.0,3184.11,3177.16,3284.82,558127.4554,1809283029.21791,2021-08-20,3173.141428571428,3016.506,2405.9111666666668,2617.289583333333,1295.136247240618
1629504000,3309.16,3284.81,3207.0,3223.43,421156.09084,1375973641.16316,2021-08-21,3167.465714285714,3049.893,2428.313666666667,2624.42325,1301.8013245033112
1629590400,3272.0,3223.36,3126.42,3238.0,406479.07654,1304347038.57136,2021-08-22,3157.595714285714,3081.4465,2449.478,2632.962,1308.5057615894038
1629676800,3377.89,3238.0,3230.02,3321.28,602103.44614,2000534992.14835,2021-08-23,3182.5600000000004,3122.0585,2471.674,2641.3019166666663,1315.3777041942608
1629763200,3357.85,3321.28,3147.31,3170.62,540480.07853,1758604481.59985,2021-08-24,3205.2599999999998,3144.3505,2494.3706666666667,2646.61875,1321.8907505518764
1629849600,3248.0,3170.63,3080.0,3226.87,483697.69444,1534476278.2532,2021-08-25,3235.5914285714284,3164.3445,2517.657833333333,2651.2915833333336,1328.5269536423843
1629936000,3250.0,3226.88,3053.3,3093.2,442298.47372,1382397989.45047,2021-08-26,3222.6028571428574,3174.4255000000003,2536.1731666666665,2654.1662499999998,1334.8173289183223
1630022400,3280.0,3093.06,3060.18,3273.45,451027.80711,1434311977.24526,2021-08-27,3220.9785714285717,3180.0824999999995,2555.9905,2658.4696666666664,1341.5322958057393
1630108800,3287.0,3273.89,3210.31,3244.48,262360.34921,850631439.05328,2021-08-28,3223.9857142857145,3191.714,2573.976333333333,2662.4035000000003,1348.1465342163356
1630195200,3285.0,3244.75,3152.34,3223.47,335806.7827,1078681950.90209,2021-08-29,3221.9100000000003,3194.8615,2589.7728333333334,2664.726,1354.7376158940397
1630281600,3347.95,3223.47,3143.0,3229.64,625347.27541,2027490192.49739,2021-08-30,3208.8185714285714,3199.2605,2608.4933333333333,2667.06,1361.327284768212
1630368000,3476.0,3229.14,3188.77,3429.2,863071.13092,2895209449.70776,2021-08-31,3245.758571428571,3212.6955,2629.7445,2667.044666666667,1368.3603752759382
1630454400,3842.0,3429.19,3382.22,3826.82,845759.95868,3038498667.85424,2021-09-01,3331.4657142857145,3251.7385,2656.4083333333333,2671.943083333333,1376.278233995585
1630540800,3836.8,3826.82,3717.04,3785.82,525165.7996,1981758437.08576,2021-09-02,3430.4114285714286,3274.9134999999997,2680.7938333333336,2674.12275,1384.1013686534218
1630627200,4027.88,3785.82,3705.05,3938.11,655903.75739,2557662974.33002,2021-09-03,3525.362857142857,3308.661,2709.8201666666664,2677.8592500000004,1392.2549006622517
1630713600,3970.0,3938.11,3832.5,3885.52,364478.1193,1422981232.23371,2021-09-04,3616.9399999999996,3337.5824999999995,2735.8705,2681.2425,1400.2882781456954
1630800000,3980.0,3885.61,3830.0,3950.29,365759.8597,1432553302.47684,2021-09-05,3720.7714285714287,3377.7705,2763.099166666667,2681.5760833333334,1408.4703752759383
1630886400,3970.0,3950.28,3864.3,3926.77,397768.5783,1562560096.37577,2021-09-06,3820.3614285714284,3423.5229999999997,2793.273166666667,2681.5995833333336,1416.5917660044151
1630972800,3947.15,3926.67,3005.0,3434.57,1203536.00209,4298119218.28275,2021-09-07,3821.128571428572,3444.524,2814.7328333333335,2677.338666666667,1423.6647461368655
1631059200,3560.0,3434.84,3215.16,3499.0,780611.7657,2665272033.98011,2021-09-08,3774.297142857143,3460.268,2837.8713333333335,2671.71825,1430.8644150110374
1631145600,3567.06,3499.01,3390.4,3424.93,628553.8831,2194182935.33864,2021-09-09,3722.7414285714285,3467.2735000000002,2859.2793333333334,2668.39925,1437.8993377483444
1631232000,3514.11,3424.94,3150.0,3208.86,633026.2659,2107283581.30531,2021-09-10,3618.5628571428574,3466.5449999999996,2878.9006666666664,2664.157166666667,1444.4712803532009
1631318400,3348.37,3208.85,3200.0,3267.21,413524.1761,1355587141.45379,2021-09-11,3530.2328571428575,3468.0055,2901.0183333333334,2657.4255,1451.1740397350993
1631404800,3474.16,3267.1,3231.1,3404.21,408858.9595,1379322044.69763,2021-09-12,3452.2214285714285,3472.1520000000005,2924.512166666667,2655.404916666667,1458.1694260485651
1631491200,3430.3,3404.3,3108.49,3285.35,647855.7199,2103663103.06775,2021-09-13,3360.59,3477.8885,2947.276166666667,2652.932,1464.9056953642382
1631577600,3437.05,3285.09,3269.95,3434.37,373634.9026,1249733657.1321,2021-09-14,3360.5614285714287,3488.2634999999996,2973.2446666666665,2654.1974999999998,1471.9765562913908
1631664000,3616.16,3434.37,3357.78,3613.55,428507.5278,1486156273.79188,2021-09-15,3376.925714285714,3514.281,3001.8106666666663,2656.1848333333332,1479.4479690949227
1631750400,3676.28,3613.55,3481.14,3567.98,467985.4919,1680487713.22446,2021-09-16,3397.3614285714284,3529.0075000000006,3029.749666666667,2665.5936666666666,1486.8190286975719
1631836800,3594.17,3567.97,3350.07,3399.81,398888.3705,1383268101.51789,2021-09-17,3424.64,3536.7740000000003,3056.101,2670.853583333333,1493.8207284768214
1631923200,3541.96,3399.89,3368.88,3435.64,315162.7627,1090387917.42969,2021-09-18,3448.7014285714286,3547.3825000000006,3083.5945,2679.22575,1500.8682119205298
1632009600,3456.53,3435.64,3277.74,3328.62,312948.0013,1052980779.84908,2021-09-19,3437.902857142857,3552.3315000000002,3105.813166666667,2687.8403333333335,1507.6794260485651
1632096000,3347.82,3328.57,2913.39,2977.28,917939.57849,2834781758.89262,2021-09-20,3393.8928571428573,3529.7355,3121.6918333333333,2695.1810833333334,1513.7339514348785
1632182400,3105.83,2977.32,2652.0,2765.9,971519.88941,2827179157.43497,2021-09-21,3298.3971428571426,3476.6895000000004,3132.386,2696.1600000000003,1519.3264459161148
1632268800,3088.88,2766.72,2737.54,3076.92,677457.64825,1993084668.61438,2021-09-22,3221.7357142857145,3441.2445,3147.2554999999998,2699.2584166666666,1525.6118322295806
1632355200,3174.5,3076.92,3033.85,3152.5,459293.8858,1428616217.71812,2021-09-23,3162.381428571429,3401.964,3163.3006666666665,2701.488083333333,1532.0832671081678
1632441600,3158.52,3152.41,2733.0,2928.53,932090.8856,2715718192.37098,2021-09-24,3095.055714285714,3354.1144999999997,3174.9748333333337,2703.0405833333334,1538.0514790286977
1632528000,2967.52,2928.22,2801.57,2921.73,491974.0226,1428143403.47811,2021-09-25,3021.64,3302.6865,3185.3455,2707.2875,1543.9980573951434
1632614400,3115.51,2921.84,2738.17,3059.37,703594.478,2062409598.89488,2021-09-26,2983.1757142857145,3259.3165,3197.986666666666,2713.79275,1550.2527814569537
1632700800,3164.94,3059.36,2922.71,2925.59,510130.7319,1564096695.37297,2021-09-27,2975.7914285714287,3233.8675,3207.0311666666666,2718.2895000000003,1556.2009713024281
1632787200,2970.82,2924.76,2789.0,2804.91,511325.4643,1477983245.6697,2021-09-28,2981.3642857142863,3199.163,3212.7495,2719.1125,1561.8929139072848
1632873600,2950.0,2805.15,2782.0,2850.45,411305.0893,1180681056.16231,2021-09-29,2949.0114285714285,3170.439,3218.072833333333,2720.9115,1567.6881456953643
1632960000,3048.42,2850.45,2837.19,3000.61,506896.7612,1514341937.30712,2021-09-30,2927.312857142857,3160.0265,3225.4881666666665,2723.36475,1573.8073951434878
1633046400,3330.0,3000.62,2969.07,3309.91,648714.6151,2063112280.66779,2021-10-01,2981.7957142857144,3162.1615,3237.2045,2727.136916666667,1580.61059602649
1633132800,3469.0,3309.91,3257.0,3387.76,422551.1811,1417055615.81664,2021-10-02,3048.371428571429,3161.339,3251.849833333333,2732.9556666666667,1587.5556291390728
1633219200,3488.0,3387.77,3342.51,3417.73,360586.8905,1231536168.31536,2021-10-03,3099.565714285714,3167.958,3263.399,2739.5389999999998,1594.5733554083886
1633305600,3437.19,3417.73,3270.0,3386.31,485204.642,1631562261.55498,2021-10-04,3165.382857142857,3165.555,3272.721,2745.1589166666668,1601.5033554083886
1633392000,3545.0,3386.31,3363.78,3515.27,393900.8818,1355905889.61095,2021-10-05,3266.8628571428567,3160.641,3283.1158333333337,2752.8524166666666,1608.729161147903
1633478400,3632.11,3515.48,3342.0,3574.89,618265.5402,2172519696.56298,2021-10-06,3370.354285714286,3160.9865,3290.0255,2761.7495833333332,1616.0881677704192
1633564800,3653.98,3574.88,3470.8,3587.47,486102.3591,1736906584.27609,2021-10-07,3454.191428571429,3170.3695,3299.619166666667,2769.8936666666673,1623.479514348786
1633651200,3695.0,3587.47,3532.0,3563.13,403597.1437,1455713871.28828,2021-10-08,3490.3657142857146,3176.7439999999997,3306.329333333333,2778.994,1630.8091832229582
1633737600,3635.0,3563.13,3538.07,3574.82,361906.7514,1299757023.49916,2021-10-09,3517.0885714285714,3189.054,3313.5486666666666,2789.167416666666,1638.1719205298014
1633824000,3604.0,3574.83,3405.0,3414.22,580223.6302,2049128230.34426,2021-10-10,3516.587142857143,3210.9010000000003,3317.777333333333,2797.863083333333,1645.1780573951432
1633910400,3623.8,3414.22,3371.0,3542.12,493521.882,1743391083.65881,2021-10-11,3538.8457142857146,3249.712,3326.0466666666666,2806.4696666666664,1652.4705739514347
1633996800,3547.11,3542.12,3403.21,3491.46,409377.1918,1425455761.40662,2021-10-12,3535.444285714286,3270.4390000000003,3328.8656666666666,2814.0587500000006,1659.6623841059604
1634083200,3613.0,3491.43,3412.7,3607.42,393463.1222,1376610269.51641,2021-10-13,3540.091428571429,3293.185,3334.6033333333335,2822.9244166666667,1667.1121633554083
1634169600,3824.0,3607.41,3586.04,3790.82,481894.1473,1792792932.94419,2021-10-14,3569.1414285714286,3336.2994999999996,3342.6655,2834.7821666666664,1674.9601766004416
1634256000,3907.77,3790.82,3734.1,3868.99,504321.732,1924965953.8585,2021-10-15,3612.835714285714,3383.6625,3354.7065,2847.246416666667,1682.9731567328918
1634342400,3971.0,3868.38,3803.56,3829.96,373727.8549,1452752901.39765,2021-10-16,3649.2842857142855,3422.192,3368.343833333333,2860.5453333333335,1690.9068211920528
1634428800,3919.19,3829.96,3640.0,3846.85,368898.9831,1406207658.84077,2021-10-17,3711.0885714285714,3468.255,3382.2155,2874.5634999999997,1698.8566225165562
1634515200,3893.14,3847.0,3676.0,3744.96,401819.9734,1520728621.31033,2021-10-18,3740.065714285714,3515.2574999999997,3391.562833333334,2887.075916666667,1706.5414348785873
1634601600,3886.89,3744.96,3732.0,3877.03,341268.3723,1300066269.93314,2021-10-19,3795.1471428571426,3566.5865,3401.433,2903.672083333333,1714.4922737306842
1634688000,4169.0,3876.98,3828.05,4161.15,537383.09732,2149449047.36731,2021-10-20,3874.2514285714283,3624.6135000000004,3417.061666666667,2922.6876666666667,1723.0618101545253
1634774400,4375.0,4161.37,4013.13,4052.99,798566.55805,3335123440.99821,2021-10-21,3911.7042857142856,3661.7674999999995,3430.6448333333333,2940.0614166666664,1731.334944812362
1634860800,4167.41,4053.0,3888.0,3972.2,463222.5428,1872218697.8511,2021-10-22,3926.4485714285715,3690.9895000000006,3441.4935,2956.58375,1739.41706401766
1634947200,4172.0,3972.19,3937.51,4167.12,326576.9601,1323345505.75752,2021-10-23,3974.6142857142863,3728.4590000000003,3458.1018333333336,2976.2362500000004,1747.9053421633555
1635033600,4186.57,4167.13,3961.5,4082.33,350115.8386,1421627004.3348,2021-10-24,4008.2542857142857,3763.2599999999998,3472.3594999999996,2995.0086666666666,1756.2178366445914
1635120000,4236.0,4082.33,4067.71,4220.37,347438.6534,1445430078.54488,2021-10-25,4076.1699999999996,3798.5150000000003,3491.1456666666663,3013.659416666667,1764.8329801324503
1635206400,4297.0,4220.36,4090.21,4131.52,414498.1599,1739912498.46992,2021-10-26,4112.525714285714,3826.3465000000006,3505.4468333333334,3030.7186666666666,1773.214105960265
1635292800,4307.0,4131.52,3909.0,3922.0,704604.25,2874313313.39806,2021-10-27,4078.3614285714284,3843.0730000000003,3516.738833333334,3045.357583333333,1781.107417218543
1635379200,4295.0,3921.99,3890.17,4286.02,626378.5055,2587268364.26144,2021-10-28,4111.651428571428,3879.2175,3534.448,3062.110416666667,1789.7145253863137
1635465600,4460.47,4286.01,4265.97,4418.89,559231.07691,2440933126.04866,2021-10-29,4175.464285714285,3921.421,3554.2688333333335,3081.3810833333337,1798.6471302428256
1635552000,4434.06,4418.89,4232.2,4322.68,340223.069,1469664811.93684,2021-10-30,4197.687142857142,3966.844,3569.160166666667,3099.4523333333336,1807.337505518764
1635638400,4399.14,4322.68,4164.35,4287.21,412856.2893,1764886607.68762,2021-10-31,4226.955714285715,4004.0985,3576.8333333333335,3116.6208333333334,1815.9414790286976
1635724800,4386.58,4287.48,4146.3,4319.43,417620.7073,1794319887.30236,2021-11-01,4241.107142857143,4045.4970000000003,3585.726833333333,3133.2603333333336,1824.5920529801324
1635811200,4599.6,4319.43,4284.43,4589.89,468184.79301,2083371519.80683,2021-11-02,4306.588571428571,4094.6205,3596.5898333333334,3153.205,1833.8528035320087
1635897600,4665.87,4589.68,4455.0,4603.35,448658.35125,2051737308.01262,2021-11-03,4403.924285714286,4135.247,3608.5536666666667,3172.2120833333333,1843.1773289183222
1635984000,4606.65,4603.35,4420.08,4532.32,368218.25695,1663942873.79304,2021-11-04,4439.110000000001,4168.4135,3618.2541666666666,3190.6766666666667,1852.306004415011
1636070400,4570.05,4532.31,4438.8,4474.24,305651.7244,1375503505.22795,2021-11-05,4447.017142857143,4200.6275000000005,3627.3786666666665,3210.3259166666667,1861.3216777041941
1636156800,4530.0,4474.24,4326.17,4518.0,322154.0973,1429791261.31952,2021-11-06,4474.92,4234.1849999999995,3645.4358333333334,3230.0843333333332,1870.4222516556292
1636243200,4637.98,4518.0,4502.37,4612.59,243596.5952,1115635571.36518,2021-11-07,4521.402857142857,4277.5665,3663.9956666666667,3250.9334999999996,1879.7679249448124
1636329600,4822.97,4612.59,4612.0,4807.98,391102.31806,1850800839.69286,2021-11-08,4591.1957142857145,4324.114,3687.0465,3273.162916666667,1889.526865342163
1636416000,4838.28,4807.98,4713.89,4732.33,311267.57998,1489567265.66969,2021-11-09,4611.544285714285,4352.673,3712.4376666666667,3295.6691666666666,1899.036335540839
1636502400,4868.0,4732.33,4461.93,4628.78,553596.99163,2600175501.16049,2021-11-10,4615.177142857143,4381.4625,3735.1304999999998,3318.074416666667,1908.2872626931567
1636588800,4779.0,4628.68,4576.47,4719.0,303688.9765,1425610198.74242,2021-11-11,4641.845714285714,4418.8025,3757.0436666666665,3340.777916666667,1917.750132450331
1636675200,4809.71,4719.0,4507.85,4665.46,461580.0415,2146130116.87177,2021-11-12,4669.162857142857,4443.7195,3780.0454999999997,3363.660833333334,1927.0919426048565
1636761600,4707.6,4665.47,4584.08,4644.28,220720.6611,1026142451.54625,2021-11-13,4687.202857142857,4471.817,3800.2106666666664,3386.7276666666667,1936.3930242825604
1636848000,4696.05,4644.27,4514.12,4626.5,245309.0674,1126786539.40578,2021-11-14,4689.1900000000005,4492.1235,3817.0931666666665,3409.4519166666664,1945.674591611479
1636934400,4772.01,4626.5,4540.0,4563.78,375421.6601,1752738875.79192,2021-11-15,4654.3042857142855,4513.7365,3833.689833333333,3431.7197500000007,1954.8496909492274
1637020800,4563.77,4563.77,4103.0,4209.76,735857.063,3163788841.06602,2021-11-16,4579.651428571428,4528.1245,3847.189,3451.6449999999995,1963.2245695364238
1637107200,4299.91,4209.59,4063.48,4287.8,472852.1842,1980248927.71123,2021-11-17,4530.94,4528.2135,3861.391666666667,3472.4930833333337,1971.8334657836647
1637193600,4344.81,4288.07,3956.44,3996.9,576945.1837,2387588164.85011,2021-11-18,4427.782857142857,4507.114,3872.529666666667,3489.1714166666666,1979.7841501103753
1637280000,4308.97,3996.9,3973.01,4294.76,420045.0897,1740904041.284,2021-11-19,4374.825714285714,4505.718,3894.4876666666664,3508.08975,1988.402362030905
1637366400,4435.88,4294.75,4199.86,4412.17,365584.578,1577172914.21608,2021-11-20,4341.6671428571435,4511.965999999999,3921.9255,3527.15575,1997.2422958057396
1637452800,4451.0,4412.17,4242.41,4258.31,340206.3203,1479842945.9504,2021-11-21,4289.068571428572,4508.91,3941.6153333333336,3544.4354166666667,2005.7972185430465
1637539200,4320.0,4259.7,4022.74,4085.97,518501.3338,2167112891.86573,2021-11-22,4220.81,4483.714,3957.173166666667,3560.2369166666667,2013.9653421633554
1637625600,4385.59,4086.28,4059.62,4339.44,502811.7902,2125825553.22232,2021-11-23,4239.335714285714,4470.5185,3980.688333333333,3577.8315833333336,2022.698609271523
1637712000,4373.94,4339.45,4167.65,4269.36,448727.0306,1913428104.73721,2021-11-24,4236.701428571429,4457.3705,4003.148833333333,3594.2471666666665,2031.2510375275938
1637798400,4550.0,4270.1,4248.27,4524.85,445868.2434,1962939107.44774,2021-11-25,4312.122857142857,4459.901,4027.5735,3612.780083333333,2040.3596467991172
1637884800,4551.0,4524.48,3913.0,4041.2,720245.1612,2994490664.02184,2021-11-26,4275.9,4436.061,4046.1670000000004,3626.5990833333335,2048.333730684327
1637971200,4183.66,4041.2,4028.34,4095.29,275326.5202,1133169071.35039,2021-11-27,4230.631428571428,4410.196,4067.6733333333336,3640.2114166666665,2056.4165121412807
1638057600,4298.51,4095.29,3964.0,4294.78,346471.3551,1421535999.75208,2021-11-28,4235.841428571429,4384.536,4091.7455,3654.9091666666664,2064.8478145695362
1638144000,4458.92,4294.77,4276.89,4444.53,406881.2284,1772611136.39245,2021-11-29,4287.064285714286,4370.146,4115.810833333334,3670.6495,2073.688940397351
1638230400,4753.0,4444.54,4346.36,4630.26,743024.4662,3391424543.47238,2021-11-30,4328.61,4370.22,4137.816666666667,3687.510583333333,2083.0683222958055
1638316800,4778.75,4630.25,4523.99,4582.95,508198.3105,2382156066.73727,2021-12-01,4373.408571428571,4363.4175000000005,4157.7365,3704.793166666667,2092.3347461368653
1638403200,4634.83,4582.95,4433.0,4511.21,451861.9545,2047468326.80266,2021-12-02,4371.46,4355.705,4175.961166666666,3719.680083333333,2101.5537306843266
1638489600,4654.88,4511.35,4032.5,4215.73,677974.8659,2972156867.63741,2021-12-03,4396.392857142857,4334.2775,4189.784833333333,3731.2529166666664,2110.081169977925
1638576000,4238.59,4215.01,3503.68,4117.25,1111773.1451,4370074804.51323,2021-12-04,4399.53,4308.8150000000005,4199.8178333333335,3741.466833333333,2118.3894701986756
1638662400,4248.19,4117.25,4031.39,4196.44,536325.4413,2224220852.2792,2021-12-05,4385.481428571429,4290.448,4210.177,3750.1012499999997,2126.908344370861
1638748800,4376.15,4196.44,3921.0,4347.59,726742.9638,2991267298.82173,2021-12-06,4371.632857142858,4297.3395,4222.845666666666,3761.2324166666667,2135.7311699779248
1638835200,4425.0,4347.57,4255.92,4306.4,420749.751,1830621575.42694,2021-12-07,4325.367142857142,4298.2695,4235.2335,3770.7814166666662,2144.4253642384106
1638921600,4450.49,4306.4,4222.95,4436.91,429403.9351,1868281437.56539,2021-12-08,4304.504285714285,4320.2699999999995,4249.6016666666665,3781.575166666667,2153.395077262693
1639008000,4488.0,4436.91,4076.16,4105.64,462173.711,1970732612.69449,2021-12-09,4246.565714285714,4310.814,4261.125333333333,3789.4513333333334,2161.6022737306844
1639094400,4231.08,4105.64,3887.37,3897.94,563236.5671,2287155262.15631,2021-12-10,4201.1671428571435,4285.1025,4267.055666666666,3796.5511666666666,2169.3981236203094
1639180800,4097.08,3898.31,3828.22,4089.37,427853.4343,1711893271.97486,2021-12-11,4197.184285714286,4276.6555,4277.020833333333,3802.94325,2177.59293598234
1639267200,4173.63,4089.68,3986.25,4130.0,260535.5157,1061361793.04127,2021-12-12,4187.692857142857,4278.857,4285.730500000001,3810.166916666667,2185.9062693156734
1639353600,4142.75,4130.0,3671.45,3781.93,533467.2307,2068534029.5511,2021-12-13,4106.884285714286,4250.9815,4285.582333333334,3814.1239166666664,2193.448918322296
1639440000,3882.74,3781.92,3685.0,3858.99,395145.7462,1499985094.81369,2021-12-14,4042.968571428571,4230.463,4285.415666666667,3820.0610833333335,2201.1081456953643
1639526400,4092.22,3858.99,3643.73,4019.08,542068.0573,2102151850.11458,2021-12-15,3983.2785714285715,4205.174499999999,4288.567666666667,3828.45575,2209.13174392936
1639612800,4113.43,4019.54,3942.11,3958.11,368780.031,1489983161.8888,2021-12-16,3962.2028571428573,4201.0199999999995,4290.4220000000005,3836.31875,2217.0188520971305
1639699200,3994.1,3959.11,3700.0,3875.42,463370.9225,1789265513.24298,2021-12-17,3958.985714285714,4190.0265,4292.596333333333,3842.079583333333,2224.7547902869755
1639785600,3996.93,3875.43,3767.01,3959.93,339593.2543,1326617546.27659,2021-12-18,3940.4942857142855,4173.284000000001,4293.978,3847.7054999999996,2232.7450110375275
1639872000,4032.43,3959.93,3884.0,3924.14,306006.323,1208752533.59507,2021-12-19,3911.085714285714,4147.2645,4290.027833333333,3853.54475,2240.6477262693156
1639958400,3983.37,3924.14,3753.0,3944.73,366916.4771,1416566980.691,2021-12-20,3934.3428571428567,4112.987999999999,4288.2235,3859.4341666666664,2248.647748344371
1640044800,4063.0,3944.72,3913.21,4014.15,340826.3553,1364232642.48811,2021-12-21,3956.5085714285715,4084.548,4288.922666666666,3865.2080833333334,2256.7386534216334
1640131200,4074.87,4014.41,3933.4,3979.51,303191.8076,1215914916.52594,2021-12-22,3950.855714285714,4057.9629999999997,4285.795833333334,3871.9488333333334,2264.746578366446
1640217600,4150.0,3979.51,3893.23,4111.41,380207.8166,1525274496.50605,2021-12-23,3972.7557142857145,4052.7470000000003,4286.2805,3879.3199999999997,2273.0412582781455
1640304000,4134.84,4111.41,4017.17,4046.36,230833.1661,943702137.854923,2021-12-24,3997.175714285714,4049.2025000000003,4283.3803333333335,3887.263,2281.184459161148
1640390400,4137.91,4046.35,4018.62,4094.83,208126.8805,846912042.129082,2021-12-25,4016.447142857143,4044.1219999999994,4282.7688333333335,3894.1078333333335,2289.442450331126
1640476800,4105.0,4094.36,4000.0,4063.56,189309.255,767315615.268866,2021-12-26,4036.3642857142863,4029.9205,4285.128166666666,3900.9334999999996,2297.6185430463574
1640563200,4127.46,4063.57,4031.0,4037.23,222225.3761,905682624.776776,2021-12-27,4049.5785714285716,4016.4620000000004,4280.981666666667,3907.7148333333334,2305.7364238410596
1640649600,4037.23,4037.22,3759.36,3792.75,358064.7163,1393962041.50168,2021-12-28,4017.9500000000003,3984.254,4270.545999999999,3912.407416666667,2313.3300220750552
1640736000,3827.78,3792.75,3604.2,3630.19,302753.6375,1136202240.43121,2021-12-29,3968.0471428571427,3960.4815000000003,4259.0045,3914.082333333333,2320.580772626932
1640822400,3769.1,3630.18,3585.0,3709.27,249263.7305,921537785.386881,2021-12-30,3910.598571428571,3951.048,4249.372166666667,3913.10275,2328.0053200883
1640908800,3815.0,3709.27,3622.29,3676.23,268014.2942,1001765030.13814,2021-12-31,3857.7228571428573,3930.3910000000005,4238.652166666667,3912.1895,2335.3427593818983
1640995200,3776.45,3676.22,3673.46,3765.54,154143.8968,574718328.452744,2022-01-01,3810.6814285714286,3912.168,4224.913,3910.7514166666665,2342.874591611479
1641081600,3857.44,3765.54,3717.3,3828.27,154791.4263,585374957.73046,2022-01-02,3777.0685714285714,3914.4849999999997,4211.995,3910.2743333333337,2350.573311258278
1641168000,3853.09,3828.11,3680.0,3765.89,236245.8586,892944105.552994,2022-01-03,3738.305714285714,3909.8300000000004,4199.221166666666,3908.7376666666664,2358.1324944812363
1641254400,3900.73,3765.89,3713.11,3785.11,288258.5549,1098182607.92573,2022-01-04,3737.214285714286,3898.1315000000004,4187.7356666666665,3907.557166666667,2365.713421633554
1641340800,3848.0,3785.1,3415.0,3540.63,397942.0363,1464819255.09351,2022-01-05,3724.4199999999996,3877.2575000000006,4171.446166666667,3908.441,2372.7235982339957
1641427200,3550.43,3539.82,3300.0,3406.81,496745.7413,1698727637.36503,2022-01-06,3681.2114285714283,3853.827,4151.349833333333,3907.6727499999997,2379.426225165563
1641513600,3416.76,3406.81,3064.42,3199.24,669631.7262,2149562773.32926,2022-01-07,3613.0699999999997,3815.7924999999996,4124.5375,3905.7920000000004,2385.6626048565126
1641600000,3250.0,3198.68,3000.0,3080.95,400692.1061,1252795163.48627,2022-01-08,3515.2714285714283,3773.6330000000003,4097.0145,3904.726083333333,2391.6105960264904
1641686400,3211.72,3080.98,3057.35,3151.97,275874.1643,864505480.881738,2022-01-09,3418.657142857143,3733.995,4072.401,3903.76575,2397.7274392935983
1641772800,3185.0,3151.97,2928.83,3082.68,529818.3866,1616550523.0972,2022-01-10,3321.055714285714,3687.4215000000004,4045.129,3901.086333333333,2403.6965121412804
1641859200,3263.54,3082.87,3051.8,3239.72,362446.7087,1145852583.62298,2022-01-11,3243.1428571428564,3650.432,4021.366666666667,3900.706083333333,2410.0145695364236
1641945600,3411.43,3239.73,3206.2,3371.26,370465.8015,1226038697.4729,2022-01-12,3218.947142857143,3613.4244999999996,4000.1496666666667,3900.1801666666665,2416.649801324503
1642032000,3410.0,3371.6,3233.43,3240.61,336234.8799,1116293607.68792,2022-01-13,3195.2042857142856,3573.1369999999997,3977.0515,3897.072333333334,2422.9903973509936
1642118400,3342.79,3240.61,3188.0,3307.42,285326.3505,931347172.762881,2022-01-14,3210.6585714285716,3533.7665,3956.112166666667,3894.901,2429.4568653421634
1642204800,3371.64,3307.42,3261.0,3326.04,203100.3778,675484534.656949,2022-01-15,3245.671428571429,3496.8905,3941.3835000000004,3894.2862499999997,2435.961810154525
1642291200,3393.6,3326.51,3269.62,3346.88,210782.2277,701885138.83374,2022-01-16,3273.5157142857142,3462.3729999999996,3925.7015,3893.5465833333333,2442.5365562913903
1642377600,3357.57,3346.89,3141.1,3209.67,284063.6548,922568646.923763,2022-01-17,3291.657142857143,3433.219,3912.5809999999997,3892.555333333333,2448.7601545253865
1642464000,3243.87,3209.68,3082.0,3159.85,299134.2728,943140782.389924,2022-01-18,3280.2471428571434,3409.7019999999998,3893.6658333333335,3894.07675,2454.8216777041944
1642550400,3174.87,3159.85,3000.0,3084.02,332996.5703,1035249881.47359,2022-01-19,3239.212857142857,3378.4394999999995,3871.5299999999997,3896.7277499999996,2460.7265562913904
1642636800,3273.37,3084.02,2987.15,3001.48,357596.7062,1124982397.81013,2022-01-20,3205.0514285714285,3344.702,3850.5828333333334,3896.0990833333335,2466.4425386313465
1642723200,3034.12,3001.48,2403.0,2568.15,1022021.70024,2828122722.88316,2022-01-21,3099.441428571429,3284.8325000000004,3825.2858333333334,3891.2295,2471.2158057395145
1642809600,2626.0,2567.47,2300.0,2412.18,1081357.54893,2652383041.99919,2022-01-22,2968.89,3214.028,3793.1648333333333,3886.9265833333334,2475.6742163355407
1642896000,2556.78,2412.18,2370.8,2539.01,580497.7613,1431696375.61507,2022-01-23,2853.48,3152.684,3764.3256666666666,3883.7372499999997,2480.388476821192
1642982400,2539.75,2539.0,2159.0,2439.29,1123134.70389,2592832133.2002,2022-01-24,2743.425714285714,3085.393,3729.5663333333337,3878.569916666667,2484.9162030905077
1643068800,2506.55,2439.56,2348.96,2458.83,510152.954,1237051148.4309,2022-01-25,2643.2799999999997,3031.303,3703.1935,3874.6802499999994,2489.489492273731
1643155200,2722.0,2459.04,2402.03,2462.99,806441.62289,2058599145.34197,2022-01-26,2554.5614285714287,2984.112,3675.9885,3871.830916666667,2494.082207505519
1643241600,2521.0,2463.0,2316.43,2424.25,599481.7159,1448742950.45856,2022-01-27,2472.1,2945.3625,3644.813,3868.27925,2498.5806401766004
1643328000,2558.98,2424.02,2357.88,2544.99,485149.8065,1183543182.40824,2022-01-28,2468.7914285714282,2918.5645,3613.154,3864.4824166666667,2503.3230684326713
1643414400,2636.66,2544.99,2520.01,2601.43,376666.8246,966725225.782995,2022-01-29,2495.827142857143,2891.0375,3579.340166666667,3858.5784166666667,2508.220220750552
1643500800,2640.0,2601.43,2542.5,2601.68,290770.0859,755039834.565121,2022-01-30,2504.7799999999997,2866.9875,3546.319,3852.02775,2513.1071964679913
1643587200,2706.77,2601.67,2476.07,2686.94,444584.851,1154488527.57943,2022-01-31,2540.1585714285716,2839.3485,3515.9145,3845.937833333333,2518.150132450331
1643673600,2813.0,2686.94,2673.52,2787.23,390034.27362,1075341490.80336,2022-02-01,2587.0728571428567,2810.147,3492.1061666666665,3840.9455,2523.3831125827815
1643760000,2810.88,2787.48,2612.72,2680.67,447852.1228,1215958780.12261,2022-02-02,2618.1699999999996,2782.15,3468.1631666666663,3833.9905000000003,2528.2942825607065
1643846400,2726.64,2680.25,2576.05,2695.46,405043.3931,1068724165.62182,2022-02-03,2656.9142857142856,2751.5519999999997,3443.1468333333332,3826.6619166666665,2533.2837969094926
1643932800,2995.0,2695.21,2671.4,2994.99,664002.9328,1889746043.71505,2022-02-04,2721.2,2734.9995000000004,3420.6034999999997,3821.724583333333,2538.8923841059604
1644019200,3060.47,2994.99,2958.01,3012.65,356803.3071,1073972573.34867,2022-02-05,2779.945714285714,2718.2879999999996,3399.0409999999997,3817.1372499999998,2544.5619867549667
1644105600,3074.56,3012.64,2950.21,3054.99,249394.5966,749957614.968609,2022-02-06,2844.7042857142856,2710.554,3376.009,3812.8053333333332,2550.311766004415
1644192000,3186.0,3055.0,2991.8,3139.77,455070.2529,1410603197.75688,2022-02-07,2909.3942857142856,2709.55,3359.9111666666668,3810.51825,2556.2205518763794
1644278400,3232.87,3139.77,3025.21,3116.69,514773.5837,1602652876.8815,2022-02-08,2956.46,2711.1835,3346.8903333333337,3806.973,2562.079933774835
1644364800,3269.7,3116.69,3055.0,3243.94,370267.8913,1171445663.96422,2022-02-09,3036.9271428571424,2723.3065,3332.7998333333335,3804.9103333333333,2568.189227373068
1644451200,3283.66,3243.6,3056.74,3072.49,578212.8383,1839815885.63564,2022-02-10,3090.7885714285717,2748.5235000000002,3315.1746666666663,3800.452583333333,2573.9543487858723
1644537600,3138.62,3072.36,2879.0,2927.54,462025.8751,1404238408.51784,2022-02-11,3081.152857142857,2774.2915000000003,3300.9348333333332,3793.2585833333333,2579.427770419426
1644624000,2985.98,2927.54,2858.3,2918.88,336250.3131,981432045.703354,2022-02-12,3067.7571428571428,2793.285,3285.2663333333335,3785.341,2584.8545474613684
1644710400,2954.4,2918.58,2836.7,2871.13,242751.3547,705260941.483037,2022-02-13,3041.4914285714285,2814.8769999999995,3266.1338333333333,3777.3507499999996,2590.128233995585
1644796800,2964.97,2871.14,2829.01,2929.75,381778.238,1107566192.88966,2022-02-14,3011.4885714285715,2838.423,3248.9945,3769.70825,2595.5395805739518
1644883200,3196.19,2929.75,2912.06,3183.52,448971.754,1381094746.21081,2022-02-15,3021.035714285714,2874.4494999999997,3237.462833333333,3765.0295833333334,2601.5269315673295
1644969600,3186.77,3183.53,3044.03,3122.3,319997.6244,999219896.168787,2022-02-16,3003.6585714285716,2909.352,3223.502333333333,3758.740166666667,2607.293333333333
1645056000,3160.0,3122.31,2851.55,2891.87,488693.2624,1467352492.8879,2022-02-17,2977.855714285714,2926.696,3206.297833333333,3748.1628333333333,2612.457836644591
1645142400,2943.97,2891.88,2750.0,2779.48,502977.4069,1428246802.95319,2022-02-18,2956.7042857142856,2935.5985,3186.877,3737.55025,2617.357284768212
1645228800,2830.96,2779.3,2694.45,2763.63,293838.0025,812399991.55453,2022-02-19,2934.5257142857145,2943.696,3166.0350000000003,3727.478833333333,2622.1145695364244
1645315200,2764.64,2763.63,2576.0,2621.99,386384.904,1023095361.85772,2022-02-20,2898.934285714286,2940.4484999999995,3143.4096666666665,3714.6027499999996,2626.567152317881
1645401600,2759.51,2621.99,2558.0,2568.02,761838.9858,2030019705.14724,2022-02-21,2847.258571428571,2929.4880000000003,3117.6865000000003,3701.9835000000003,2630.9788962472403
1645488000,2665.74,2568.03,2500.0,2636.29,692639.4942,1787436157.60827,2022-02-22,2769.082857142857,2927.2690000000002,3094.1853333333333,3688.7828333333327,2635.6509933774832
1645574400,2753.55,2636.28,2575.83,2579.71,504470.1412,1347740672.08534,2022-02-23,2691.5699999999997,2921.4815000000003,3068.9333333333334,3675.8510833333335,2640.200728476821
1645660800,2740.0,2579.7,2300.0,2596.2,1395732.7753,3417715584.18702,2022-02-24,2649.3314285714287,2901.542,3044.4773333333333,3664.8027500000003,2644.74527593819
1645747200,2834.97,2596.26,2571.72,2768.49,679394.1762,1818778014.60361,2022-02-25,2647.7614285714285,2889.334,3023.3316666666665,3652.1566666666668,2649.584547461369
1645833600,2878.0,2768.05,2727.5,2779.47,418485.2529,1169315477.8095,2022-02-26,2650.0242857142853,2875.558,3006.4436666666666,3638.494833333333,2654.3589624724063
1645920000,2836.33,2779.47,2557.98,2616.79,650198.7785,1757950720.80378,2022-02-27,2649.281428571429,2849.409,2989.5536666666667,3624.2790833333333,2658.843576158941
1646006400,2951.6,2616.79,2568.62,2920.95,733794.4488,2004492152.83827,2022-02-28,2699.7,2839.622,2976.415,3612.8935833333335,2663.9739514348785
1646092800,3037.94,2920.83,2854.09,2976.33,673901.6976,1983738648.09163,2022-03-01,2748.2771428571427,2826.2414999999996,2964.75,3601.701083333333,2669.1847240618104
1646179200,3043.91,2976.33,2914.21,2947.3,614623.7461,1828572588.46126,2022-03-02,2800.79,2819.982,2951.112666666667,3588.0128333333337,2674.438719646799
1646265600,2970.97,2947.31,2785.0,2833.99,446192.2353,1282099960.45835,2022-03-03,2834.7599999999998,2815.3044999999997,2934.5413333333336,3573.2681666666667,2679.3773289183223
1646352000,2836.17,2834.0,2573.0,2622.1,556178.7588,1499282207.48279,2022-03-04,2813.847142857143,2800.4655,2915.4781666666668,3557.3496666666665,2683.8377262693157
1646438400,2685.12,2622.11,2589.38,2665.15,268730.3036,709708518.862464,2022-03-05,2797.5157142857142,2790.1665000000003,2896.812166666667,3542.2739166666665,2688.415805739514
1646524800,2676.29,2665.16,2535.0,2551.29,336487.9099,881200532.285509,2022-03-06,2788.158571428571,2771.2435,2880.323166666667,3525.8846666666664,2692.8227593818983
1646611200,2649.0,2551.3,2445.0,2491.12,620171.6787,1575658962.13564,2022-03-07,2726.754285714286,2736.6235,2865.061666666667,3508.20575,2697.056821192053
1646697600,2624.0,2491.12,2480.15,2575.97,561659.7421,1438848034.0087,2022-03-08,2669.56,2709.307,2854.6738333333333,3489.605666666667,2701.509315673289
1646784000,2775.85,2575.98,2567.7,2726.98,562771.7403,1524779168.02215,2022-03-09,2638.085714285714,2701.0625,2848.7743333333333,3472.894416666667,2706.3273068432673
1646870400,2733.25,2726.98,2550.27,2606.7,559029.9377,1460470256.47574,2022-03-10,2605.6157142857146,2692.4235,2839.6865000000003,3456.04375,2710.82766004415
1646956800,2676.78,2606.69,2522.57,2556.86,494583.6568,1281060913.83552,2022-03-11,2596.2957142857144,2682.085,2830.922833333333,3438.0259166666665,2715.167969094923
1647043200,2616.79,2556.86,2553.39,2568.8,219236.5711,567134036.896676,2022-03-12,2582.531428571429,2679.4255000000003,2819.7408333333337,3420.5537499999996,2719.5443708609273
1647129600,2603.32,2568.8,2493.0,2515.65,316942.1601,811775081.557994,2022-03-13,2577.4399999999996,2676.807,2805.480666666667,3402.8151666666668,2723.7982560706405
1647216000,2609.6,2515.66,2498.67,2589.41,386630.1912,991479973.091494,2022-03-14,2591.4814285714283,2674.4629999999997,2794.6273333333334,3385.8394166666667,2728.107814569536
1647302400,2669.0,2589.42,2507.0,2617.73,461202.3014,1189436494.53554,2022-03-15,2597.4471428571424,2676.364,2783.1325,3369.6223333333332,2732.46770419426
1647388800,2788.0,2617.74,2603.38,2773.81,666224.7217,1792497068.36131,2022-03-16,2604.137142857143,2685.2445,2773.9286666666667,3357.6560833333338,2737.147527593819
1647475200,2836.0,2773.8,2746.42,2811.92,379312.541,1058301299.03376,2022-03-17,2633.4542857142856,2687.416,2765.0126666666665,3345.3570833333333,2741.9022516556292
1647561600,2984.0,2811.91,2765.59,2938.92,556535.7966,1590887965.76135,2022-03-18,2688.034285714286,2695.3885,2760.5001666666667,3336.5405833333334,2746.9811479028695
1647648000,2987.7,2938.84,2890.86,2950.84,325971.5398,961244629.511118,2022-03-19,2742.611428571429,2712.091,2757.016666666667,3325.34125,2752.153907284768
1647734400,2964.17,2950.85,2817.21,2861.38,377608.8214,1089196046.05268,2022-03-20,2792.0014285714283,2709.1125,2753.306,3312.418,2757.0654525386317
1647820800,2960.57,2861.39,2829.81,2890.03,450223.9073,1305282353.5855,2022-03-21,2834.947142857143,2704.7975,2751.4485,3301.0156666666667,2762.152582781457
1647907200,3052.85,2890.03,2886.43,2969.64,564868.9839,1692559175.06606,2022-03-22,2885.2200000000003,2705.9145,2758.14,3291.7129166666664,2767.356401766004
1647993600,3045.2,2969.64,2920.65,3036.0,453962.7298,1350911495.41666,2022-03-23,2922.675714285714,2716.0150000000003,2768.537,3280.8509166666668,2772.6746799116995
1648080000,3129.11,3035.99,2999.11,3110.76,577171.5239,1768485489.44614,2022-03-24,2965.367142857143,2740.448,2778.0661666666665,3271.1959166666666,2778.1345474613686
1648166400,3193.28,3110.75,3076.0,3102.14,489099.5572,1532535177.91705,2022-03-25,2988.684285714286,2762.2974999999997,2789.1136666666666,3259.3400000000006,2783.470154525386
1648252800,3153.2,3102.13,3084.9,3145.0,207134.847,646551585.682247,2022-03-26,3016.4214285714284,2791.983,2800.549833333333,3251.871666666667,2788.800375275938
1648339200,3299.37,3145.01,3126.02,3295.65,335467.4145,1072163952.32208,2022-03-27,3078.46,2832.2095,2814.4275,3245.2079999999996,2794.459646799117
1648425600,3431.15,3295.65,3275.01,3332.92,527237.1133,1766636914.05138,2022-03-28,3141.73,2870.0570000000002,2829.5719999999997,3237.1924999999997,2800.1566666666668
1648512000,3481.87,3332.91,3329.68,3400.51,465899.8226,1590016971.38856,2022-03-29,3203.282857142857,2903.7335,2843.8306666666667,3228.492333333333,2806.0376600441496
1648598400,3446.9,3400.51,3331.84,3385.79,356082.5231,1206555998.5679,2022-03-30,3253.252857142857,2942.688,2856.9033333333336,3218.1217500000002,2811.902737306843
1648684800,3444.83,3385.8,3261.35,3281.51,455091.2395,1526047563.60252,2022-03-31,3277.6457142857143,2978.9205,2868.233833333333,3207.276416666667,2817.436843267108
1648771200,3481.29,3281.51,3210.68,3455.21,532169.2392,1780259682.53294,2022-04-01,3328.0842857142857,3023.241,2881.0383333333334,3198.4764166666664,2822.9046799116995
1648857600,3532.2,3455.2,3433.14,3443.77,499893.29,1740311567.80644,2022-04-02,3370.7657142857142,3069.647,2891.980666666667,3192.043416666667,2828.2078587196465
1648944000,3580.34,3443.77,3412.11,3521.91,381581.7683,1334671716.89224,2022-04-03,3403.088571428572,3116.272,2906.0013333333336,3187.08225,2833.5552097130244
1649030400,3547.0,3521.9,3405.97,3519.5,449984.1586,1564866359.68672,2022-04-04,3429.742857142857,3161.3605,2919.735333333333,3181.441083333333,2838.656931567329
1649116800,3555.0,3519.5,3400.0,3406.99,397782.7437,1383264215.87424,2022-04-05,3430.6685714285713,3193.0195,2926.602,3173.6027499999996,2843.4739735099342
1649203200,3407.5,3407.0,3162.39,3168.51,736273.1047,2411228209.98699,2022-04-06,3399.628571428572,3210.849,2929.199666666667,3164.1203333333333,2847.782097130243
1649289600,3268.98,3168.52,3143.15,3227.19,458179.3272,1470465124.58207,2022-04-07,3391.8685714285716,3225.2625,2932.0696666666668,3154.039333333333,2852.0893598233997
1649376000,3314.02,3227.2,3173.52,3192.39,502422.5048,1634901495.64532,2022-04-08,3354.3228571428567,3237.34,2932.9466666666663,3146.4289166666663,2856.367814569536
1649462400,3268.4,3192.39,3181.28,3258.57,212444.2566,683630508.159035,2022-04-09,3327.865714285714,3257.1995,2935.311333333333,3141.100833333333,2861.161545253863
1649548800,3307.22,3258.57,3193.0,3203.04,232303.2326,756032282.614135,2022-04-10,3282.3128571428574,3272.85,2934.6296666666667,3133.7147499999996,2865.9140397350993
1649635200,3213.63,3203.04,2950.0,2979.74,693394.2912,2127486125.62208,2022-04-11,3205.2042857142856,3273.355,2933.083833333333,3124.1292499999995,2869.997593818985
1649721600,3085.0,2979.75,2950.0,3027.66,579522.9505,1750871209.72,2022-04-12,3151.0142857142855,3272.9379999999996,2934.7525,3117.8436666666666,2873.962362030905
1649808000,3128.97,3027.65,2996.86,3118.28,419101.494,1285303924.97881,2022-04-13,3143.8385714285714,3273.3140000000003,2938.0758333333333,3111.671083333333,2878.2664459161147
1649894400,3145.0,3118.28,2976.3,3021.98,408382.5572,1249759777.27143,2022-04-14,3114.522857142857,3269.3059999999996,2940.5900000000006,3103.3619166666667,2882.2270419426045
1649980800,3060.92,3021.98,2993.13,3040.56,249626.2981,755644733.734266,2022-04-15,3092.8328571428574,3264.084,2942.4368333333337,3095.7156666666665,2886.2184547461366
1650067200,3086.1,3040.57,3010.03,3059.3,176352.4165,536234354.297344,2022-04-16,3064.3657142857146,3252.2665,2940.3664999999996,3088.9146666666666,2890.1938410596026
1650153600,3083.0,3059.3,2981.7,2988.06,243772.074,742151590.621933,2022-04-17,3033.6542857142854,3235.0235,2938.1291666666666,3080.81575,2893.7759602649007
1650240000,3069.6,2988.07,2883.22,3055.56,510251.6536,1508168472.8673,2022-04-18,3044.4857142857145,3217.7760000000003,2940.8573333333334,3073.577583333333,2897.481412803532
1650326400,3131.0,3055.56,3030.34,3101.77,359375.0038,1106468538.1171,2022-04-19,3055.0728571428576,3203.575,2946.2288333333336,3066.552916666667,2901.876136865342
1650412800,3166.5,3101.74,3036.45,3076.04,415000.0685,1285353922.30361,2022-04-20,3049.0385714285717,3193.3015,2951.4356666666663,3058.735333333333,2905.945496688742
1650499200,3180.0,3076.03,2942.31,2983.58,562699.697,1736496193.47397,2022-04-21,3043.552857142857,3169.7200000000003,2957.4621666666667,3050.435916666667,2909.808587196468
1650585600,3034.32,2983.57,2930.35,2962.39,452433.082,1350044345.25032,2022-04-22,3032.3857142857137,3145.6510000000003,2964.0349999999994,3040.8607500000003,2913.274105960265
1650672000,2978.03,2962.39,2913.89,2933.03,187576.7324,554261385.85153,2022-04-23,3014.347142857143,3116.207,2968.980666666667,3031.583,2916.839558498896
1650758400,2967.06,2933.04,2912.09,2921.0,218957.0222,643702920.89106,2022-04-24,3004.7671428571434,3086.282,2974.6688333333327,3021.8010833333333,2920.2722958057398
1650844800,3025.65,2920.99,2797.01,3006.62,619198.3616,1789151245.6765,2022-04-25,2997.7757142857145,3066.2635,2981.509166666667,3012.99325,2924.1742604856513
1650931200,3039.54,3006.63,2767.0,2809.67,531184.3504,1544470478.04639,2022-04-26,2956.0471428571427,3048.3215,2982.1955000000003,3002.763583333333,2927.4413245033115
1651017600,2919.87,2809.68,2794.46,2888.96,488951.2416,1401317315.55232,2022-04-27,2929.3214285714284,3031.41,2984.0203333333334,2995.2319999999995,2930.7734657836645
1651104000,2980.0,2888.95,2853.83,2936.93,537392.9978,1567476627.90868,2022-04-28,2922.657142857143,3018.6369999999997,2989.356,2989.4548333333337,2934.214701986755
1651190400,2946.46,2936.92,2776.63,2817.13,525978.147,1503869186.33302,2022-04-29,2901.905714285714,2996.5649999999996,2987.6256666666663,2982.0203333333334,2937.5360706401766
1651276800,2841.63,2817.13,2709.26,2726.66,367757.2469,1028113961.63271,2022-04-30,2872.4242857142854,2972.746,2983.4645,2974.1072500000005,2940.5216997792495
1651363200,2849.9,2726.67,2716.13,2824.81,442544.8792,1230927404.40615,2022-05-01,2858.682857142857,2964.9995,2981.423,2966.2678333333333,2943.4200220750554
1651449600,2894.22,2824.81,2778.78,2856.54,521706.8567,1476062750.21618,2022-05-02,2837.2428571428572,2956.4435000000003,2981.7988333333333,2958.170083333333,2946.051479028698
1651536000,2861.47,2856.54,2755.19,2781.7,371331.1796,1046307600.93891,2022-05-03,2833.247142857143,2939.6144999999997,2984.458833333333,2949.9685000000004,2948.6696467991173
1651622400,2965.85,2781.7,2771.74,2940.64,548738.0668,1572901182.25039,2022-05-04,2840.6299999999997,2935.5474999999997,2989.050333333333,2942.9312499999996,2951.3660044150106
1651708800,2954.65,2940.65,2683.0,2747.97,734845.3194,2055752498.21657,2022-05-05,2813.6357142857137,2920.918,2992.328333333333,2936.3257500000004,2953.7316114790287
1651795200,2758.18,2747.96,2632.95,2692.85,711449.3234,1918267933.1653,2022-05-06,2795.8814285714284,2902.5955000000004,2995.6904999999997,2930.3760833333336,2956.1184326710813
1651881600,2704.36,2692.86,2584.75,2635.34,371271.4532,987464053.430564,2022-05-07,2782.835714285714,2884.9595,2996.68,2925.6769166666663,2958.0724944812364
1651968000,2642.0,2635.35,2484.0,2519.71,757615.3415,1930282594.65907,2022-05-08,2739.25,2858.167,2993.2255,2920.999916666667,2959.7294039735098
1652054400,2530.78,2519.71,2225.0,2228.55,1574924.9793,3725676633.1363,2022-05-09,2649.537142857143,2814.5060000000003,2986.9230000000002,2913.3047500000002,2960.806158940398
1652140800,2457.34,2229.0,2200.0,2342.05,1550626.1387,3650912006.06275,2022-05-10,2586.73,2777.8064999999997,2983.3428333333336,2907.1328333333336,2962.0344812362027
1652227200,2451.37,2342.04,2005.0,2084.99,2022864.83806,4605757119.9981,2022-05-11,2464.4942857142855,2732.877,2975.2793333333334,2897.5100833333336,2962.57472406181
1652313600,2195.0,2084.99,1800.0,1960.22,2305192.90836,4485518775.57388,2022-05-12,2351.9585714285713,2682.7684999999997,2966.0221666666666,2885.751416666667,2962.895386313466
1652400000,2147.54,1960.22,1940.23,2009.69,1134042.3387,2355144482.31407,2022-05-13,2254.364285714286,2636.6014999999998,2956.3601666666664,2875.49375,2963.3573509933776
1652486400,2070.06,2009.69,1951.21,2056.48,563788.3078,1136170835.74582,2022-05-14,2171.67,2593.3755,2947.006,2865.06925,2963.9693377483445
1652572800,2167.0,2056.47,2000.68,2145.29,514398.2587,1067795595.55243,2022-05-15,2118.1814285714286,2550.309,2936.5306666666665,2855.2296666666666,2964.7713245033115
1652659200,2145.29,2145.29,1979.12,2023.66,822070.8531,1672324751.61264,2022-05-16,2088.9114285714286,2511.0085,2923.3930000000005,2844.2028333333337,2965.154944812362
1652745600,2122.42,2023.66,2008.0,2090.72,568249.0448,1175068276.03826,2022-05-17,2053.007142857143,2471.0965,2909.2563333333333,2834.87825,2965.4885209713025
1652832000,2110.72,2090.72,1908.0,1915.11,631577.2341,1262292139.4142,2022-05-18,2028.7385714285717,2420.0055,2891.9941666666664,2824.5054166666664,2965.4004635761594
1652918400,2040.39,1915.11,1903.18,2019.55,741476.9794,1461787984.39103,2022-05-19,2037.2142857142858,2380.1265,2877.963666666667,2815.634833333334,2965.6356732891836
1653004800,2064.0,2019.55,1923.0,1959.08,576981.5371,1151839844.60797,2022-05-20,2029.9842857142855,2341.7475,2862.447833333333,2806.9481666666666,2965.6920750551876
1653091200,1990.86,1959.08,1937.36,1975.07,238869.7632,470714672.584742,2022-05-21,2018.3542857142857,2299.2605,2845.871666666667,2802.0058333333336,2966.128035320088
1653177600,2056.41,1975.06,1966.33,2043.19,355735.1927,715445185.627839,2022-05-22,2003.7685714285712,2258.593,2829.3248333333336,2798.9309166666662,2967.155187637969
1653264000,2088.5,2043.19,1957.12,1973.32,636085.0224,1296599784.11331,2022-05-23,1996.5771428571427,2218.174,2810.3675,2794.2168333333334,2967.92766004415
1653350400,1993.83,1973.33,1913.02,1979.41,534096.972,1047864199.93237,2022-05-24,1980.6757142857143,2170.1125,2791.655333333333,2790.3844999999997,2969.026247240618
1653436800,2022.34,1979.4,1934.61,1942.63,524786.3091,1034922798.42268,2022-05-25,1984.607142857143,2129.8455000000004,2771.6158333333337,2786.0828333333334,2970.125673289183
1653523200,1966.01,1942.64,1735.0,1792.23,1168740.57514,2157585473.51541,2022-05-26,1952.1328571428571,2084.8144999999995,2746.5588333333335,2780.4931666666666,2970.8632008830023
1653609600,1822.26,1792.24,1703.0,1727.27,1296693.28537,2284866824.03757,2022-05-27,1919.017142857143,2039.411,2719.7980000000002,2774.6849999999995,2971.543311258278
1653696000,1808.98,1727.26,1722.26,1792.22,558271.1818,988074924.551089,2022-05-28,1892.8957142857143,2003.0365000000002,2692.9931666666666,2768.4119166666665,2972.0341721854306
1653782400,1827.4,1792.21,1759.96,1813.64,432430.611,776046677.057929,2022-05-29,1860.1028571428571,1982.291,2666.7906666666668,2761.847,2972.755717439293
1653868800,2013.0,1813.64,1803.18,1998.78,814922.8359,1557925971.04764,2022-05-30,1863.74,1965.1275,2645.4118333333336,2756.822833333333,2973.7073509933775
1653955200,2016.45,1998.78,1925.0,1941.9,751103.4226,1477853073.76775,2022-05-31,1858.3814285714286,1957.973,2620.19,2750.6141666666667,2974.596247240618
1654041600,1972.58,1941.9,1763.75,1817.95,1037841.2706,1954005475.23042,2022-06-01,1840.57,1950.8595,2593.093,2742.5368333333336,2975.235629139073
1654128000,1853.05,1817.96,1782.42,1834.08,788784.4017,1434781730.18475,2022-06-02,1846.5485714285714,1942.0790000000002,2564.9625,2735.481916666666,2975.6412141280357
1654214400,1843.91,1834.09,1737.0,1775.12,741282.5346,1319239612.46291,2022-06-03,1853.3842857142856,1928.011,2535.8894999999998,2727.8124166666666,2975.7492935982336
1654300800,1816.0,1775.13,1748.43,1804.58,388279.4579,689062742.981284,2022-06-04,1855.1499999999999,1910.9754999999998,2509.1826666666666,2717.8923333333337,2975.6861589403975
1654387200,1830.17,1804.58,1773.05,1806.23,371974.5061,670583716.956391,2022-06-05,1854.0914285714287,1900.104,2486.478,2707.8388333333332,2975.544260485651
1654473600,1920.0,1806.22,1804.35,1859.84,804250.3567,1509754495.64725,2022-06-06,1834.2428571428572,1888.56,2463.688833333333,2697.87925,2975.6871302428253
1654560000,1874.98,1859.84,1725.13,1813.33,1397598.2288,2491786694.53409,2022-06-07,1815.8757142857144,1883.471,2440.7045000000003,2686.8255833333333,2975.659646799117
1654646400,1838.77,1813.33,1765.28,1791.88,941510.1373,1696874614.38435,2022-06-08,1812.1514285714286,1872.0875,2416.259666666667,2675.7855,2975.716556291391
1654732800,1833.0,1791.88,1777.33,1788.81,535310.9618,963245550.843159,2022-06-09,1805.6842857142856,1863.574,2392.6891666666666,2663.659416666667,2975.4217660044146
1654819200,1804.32,1788.8,1655.93,1662.91,955035.79239,1648304410.44632,2022-06-10,1789.6542857142856,1847.966,2370.7419999999997,2651.9129166666667,2975.0129580573953
1654905600,1682.21,1662.91,1496.74,1532.89,1220325.2542,1914818053.83376,2022-06-11,1750.8414285714287,1822.4509999999998,2345.829166666667,2640.2908333333335,2974.4377041942607
1654992000,1547.0,1532.89,1423.0,1434.84,1563225.37018,2311178755.26947,2022-06-12,1697.7857142857142,1795.527,2317.7718333333332,2627.9238333333333,2973.6203090507724
1655078400,1455.0,1434.84,1165.45,1209.82,3626351.66536,4611744120.81747,2022-06-13,1604.9257142857143,1757.0475,2287.5691666666667,2614.079583333333,2972.2654304635766
1655164800,1268.45,1209.35,1075.8,1208.9,2716493.80131,3217818700.12419,2022-06-14,1518.5785714285716,1720.361,2257.0415,2599.7391666666667,2971.013377483444
1655251200,1250.0,1208.9,1014.4,1237.52,3114823.13621,3493040697.13766,2022-06-15,1439.3842857142859,1692.6255,2226.6785,2583.5225,2969.7516114790287
1655337600,1257.85,1237.53,1051.55,1068.5,1447386.8304,1649596819.73424,2022-06-16,1336.4828571428573,1659.687,2194.6858333333334,2566.4075000000003,2968.1233554083888
1655424000,1118.0,1068.5,1051.11,1086.94,1220677.9491,1329091114.65009,2022-06-17,1254.2014285714286,1624.423,2161.8755,2551.3664166666667,2966.586843267108
1655510400,1097.58,1086.93,881.56,995.13,2308983.5187,2263399396.75372,2022-06-18,1177.3785714285714,1583.4975,2126.764833333333,2536.496833333333,2965.072847682119
1655596800,1158.62,995.12,936.15,1128.53,2018599.4499,2092850317.9514,2022-06-19,1133.6200000000001,1539.9850000000001,2094.306333333333,2522.871,2963.88178807947
1655683200,1170.0,1128.53,1053.0,1128.24,1721772.9132,1910020862.81369,2022-06-20,1121.9657142857143,1499.302,2063.384,2510.4230833333336,2962.8804635761585
1655769600,1194.0,1128.24,1109.23,1125.85,1306095.3757,1500605189.57254,2022-06-21,1110.1014285714286,1464.6970000000001,2032.775,2498.405,2961.8652538631345
1655856000,1127.33,1125.86,1043.65,1050.19,1306959.8593,1420433701.91995,2022-06-22,1083.34,1425.5025,2001.3943333333334,2485.1875,2960.4333554083883
1655942400,1155.0,1050.19,1045.3,1144.72,1278257.0899,1415452039.24152,2022-06-23,1094.2285714285713,1393.9825,1971.7896666666666,2473.22925,2959.1796909492273
1656028800,1245.43,1144.71,1132.0,1225.02,1337137.483,1589113478.22872,2022-06-24,1113.9542857142858,1365.0045,1942.0963333333334,2461.8027500000003,2958.1598454746136
1656115200,1256.77,1225.02,1180.0,1242.36,861986.6177,1048516642.21946,2022-06-25,1149.2728571428572,1336.811,1915.9745,2449.085,2956.8918984547463
1656201600,1280.0,1242.31,1194.6,1197.79,884184.273,1094067725.45348,2022-06-26,1159.1671428571428,1303.7085,1887.7883333333334,2435.904333333333,2955.4732008830024
1656288000,1238.93,1197.79,1172.49,1192.51,868734.2061,1047407117.87767,2022-06-27,1168.3485714285714,1272.6675,1858.7146666666667,2424.0353333333333,2953.8686534216336
1656374400,1237.99,1192.51,1136.32,1144.05,1104065.2211,1314982778.2674,2022-06-28,1170.9485714285713,1240.276,1830.8300000000002,2409.227833333333,2952.0496688741723
1656460800,1156.8,1144.05,1087.42,1100.21,1295517.796,1449586742.87225,2022-06-29,1178.0942857142857,1205.846,1803.7224999999999,2393.5935000000004,2949.7682560706403
1656547200,1106.62,1100.21,998.0,1071.01,1420670.3656,1481000138.96329,2022-06-30,1167.5642857142857,1176.2509999999997,1774.4925,2377.95775,2947.698697571744
1656633600,1117.0,1071.02,1033.44,1059.73,1562255.1439,1669000120.55005,2022-07-01,1143.9514285714286,1152.593,1744.5456666666666,2363.17225,2945.4559602649006
1656720000,1078.88,1059.73,1028.29,1067.01,714812.0804,752813687.02771,2022-07-02,1118.9014285714286,1134.2015,1715.9675,2350.213166666667,2943.1593377483446
1656806400,1088.34,1067.01,1040.78,1074.26,644746.3337,686056543.195206,2022-07-03,1101.2542857142857,1127.4235,1684.8611666666668,2336.95575,2940.8680573951433
1656892800,1160.9,1074.26,1045.37,1151.0,1150108.9861,1266934953.32642,2022-07-04,1095.3242857142857,1124.5285,1658.2450000000001,2325.286666666667,2939.0745253863133
1656979200,1174.9,1151.01,1076.34,1132.5,1398961.4495,1578654373.51002,2022-07-05,1093.6742857142858,1119.2775000000001,1632.2391666666667,2313.9648333333334,2936.9818984547464
1657065600,1205.0,1132.51,1111.44,1186.57,1211768.0757,1388074909.87499,2022-07-06,1106.0114285714285,1125.181,1608.093,2302.3865,2935.0386313465783
1657152000,1254.29,1186.57,1163.18,1237.49,1001316.079,1208160386.33831,2022-07-07,1129.7942857142857,1132.7085,1586.7226666666668,2289.9740833333335,2933.060706401766
1657238400,1276.46,1237.49,1193.15,1214.04,1189518.3631,1466331923.65061,2022-07-08,1151.8385714285716,1143.654,1569.8141666666666,2278.3685833333334,2930.9915673289183
1657324800,1235.4,1214.03,1204.67,1217.02,576337.1809,702039918.546905,2022-07-09,1173.2685714285715,1148.0785,1551.0636666666667,2267.20325,2928.959183222958
1657411200,1219.95,1217.02,1153.0,1168.36,1018038.6506,1200593502.21575,2022-07-10,1186.7114285714285,1150.0845000000002,1535.7865,2255.5329166666666,2926.4628697571748
1657497600,1171.29,1168.37,1091.71,1096.4,1201652.3048,1370709630.79611,2022-07-11,1178.9114285714284,1148.6119999999999,1521.3895,2243.7058333333334,2923.5132008830024
1657584000,1098.26,1096.37,1033.46,1038.58,1261349.6321,1347752238.27462,2022-07-12,1165.4942857142858,1148.0315,1505.2043333333334,2230.7822499999997,2920.256114790287
1657670400,1119.18,1038.58,1006.32,1115.0,2035605.8299,2158672347.75808,2022-07-13,1155.27,1146.5455,1489.513,2218.2594999999997,2917.3694260485654
1657756800,1214.65,1115.01,1072.11,1193.42,1605101.9262,1816929082.73288,2022-07-14,1148.9742857142858,1144.9654999999998,1473.6484999999998,2205.0895833333334,2914.887792494481
1657843200,1287.82,1193.42,1181.05,1231.25,1466037.2584,1794058728.78452,2022-07-15,1151.4328571428573,1144.41,1460.4416666666666,2191.9173333333333,2912.6705960264903
1657929600,1422.91,1231.25,1191.23,1355.85,1493809.9226,1936527899.32549,2022-07-16,1171.2657142857145,1152.313,1448.1938333333335,2178.7250833333333,2910.8929580573954
1658016000,1387.0,1355.84,1319.04,1338.65,1246202.8795,1687064377.69842,2022-07-17,1195.5928571428572,1159.62,1438.5861666666667,2165.2901666666667,2908.704481236203
1658102400,1597.47,1338.65,1336.07,1581.04,2029918.76521,2980357374.79268,2022-07-18,1264.8271428571427,1181.4695,1431.2776666666666,2154.6206666666667,2906.991412803532
1658188800,1631.0,1581.03,1493.11,1542.32,1846048.6816,2856463586.86091,2022-07-19,1336.7899999999997,1203.575,1424.3316666666665,2143.3897500000003,2905.102626931567
1658275200,1620.4,1542.33,1484.23,1521.58,1351177.4247,2109332407.42686,2022-07-20,1394.8728571428571,1226.1035,1416.7735,2131.322583333333,2903.2354966887415
1658361600,1605.98,1521.63,1463.56,1575.45,1247327.4963,1897833300.99776,2022-07-21,1449.4485714285713,1251.8894999999998,1408.9778333333334,2119.1513333333332,2901.8273289183226
1658448000,1650.05,1575.45,1516.11,1535.27,1170723.0873,1865036182.28467,2022-07-22,1492.8799999999999,1275.3025,1401.677,2106.02225,2900.0939514348784
1658534400,1596.51,1535.27,1488.0,1548.67,851284.7339,1310964570.18948,2022-07-23,1520.4257142857143,1299.0230000000001,1394.4979999999998,2093.076666666667,2897.921920529802
1658620800,1664.34,1548.66,1545.67,1597.7,1009935.8997,1616289077.62888,2022-07-24,1557.432857142857,1321.3579999999997,1388.7491666666667,2080.1825,2895.5633554083884
1658707200,1609.55,1597.7,1435.58,1440.79,1418390.9809,2151224738.81666,2022-07-25,1537.3971428571429,1336.7724999999998,1382.8918333333336,2064.7253333333333,2892.677152317881
1658793600,1454.11,1440.79,1356.17,1449.12,1199643.7408,1684928509.39958,2022-07-26,1524.082857142857,1349.9,1378.256,2049.027,2889.7899116997787
1658880000,1644.44,1449.12,1420.83,1635.74,1513426.0413,2305847817.81058,2022-07-27,1540.3914285714288,1369.8125,1375.6480000000001,2034.3205833333334,2887.280684326711
1658966400,1784.79,1635.74,1593.27,1724.52,1578145.07555,2644280824.31078,2022-07-28,1561.6871428571428,1395.3365,1374.1626666666666,2020.4766666666667,2884.586975717439
1659052800,1765.99,1724.52,1655.02,1721.68,1205266.5703,2061258807.22679,2022-07-29,1588.3171428571427,1420.5695,1369.5443333333335,2007.4780833333332,2881.8764238410595
1659139200,1744.85,1721.68,1673.01,1697.0,735132.5286,1257726968.66585,2022-07-30,1609.5071428571428,1447.0014999999999,1365.4626666666666,1992.8263333333334,2878.0485209713024
1659225600,1754.69,1697.0,1666.0,1678.12,696326.8079,1186613538.12166,2022-07-31,1620.9957142857143,1476.0875,1363.1321666666665,1978.112583333333,2874.6028476821193
1659312000,1704.68,1678.12,1606.12,1630.28,801566.5648,1328136208.95945,2022-08-01,1648.0657142857142,1505.6725,1359.7354999999998,1962.3489999999997,2870.421876379691
1659398400,1678.0,1630.28,1559.28,1630.91,1081964.5104,1745550410.99894,2022-08-02,1674.0357142857142,1531.468,1357.3319999999999,1946.6107499999998,2866.318520971302
1659484800,1685.03,1630.91,1589.71,1618.16,777724.7413,1276328467.02225,2022-08-03,1671.5242857142857,1552.7050000000002,1354.225,1931.7038333333333,2862.209536423841
1659571200,1662.79,1618.16,1580.39,1607.96,735552.181,1190650505.14895,2022-08-04,1654.8728571428571,1571.5405,1350.9205,1918.69925,2857.1271964679913
1659657600,1742.07,1607.97,1605.64,1736.81,1005846.4712,1688798692.30733,2022-08-05,1657.0342857142857,1590.5884999999998,1348.8700000000001,1906.2794166666667,2852.299072847682
1659744000,1749.93,1736.81,1685.26,1690.6,523314.6444,899479880.987209,2022-08-06,1656.1200000000001,1608.1860000000001,1346.8245,1893.7645,2847.3205298013245
1659830400,1729.79,1690.6,1668.0,1700.19,439904.764,745750151.382087,2022-08-07,1659.2728571428572,1614.1435,1345.2963333333332,1880.7779999999998,2841.860794701987
1659916800,1818.0,1700.2,1693.87,1777.05,781620.5443,1379905145.70302,2022-08-08,1680.24,1625.8799999999999,1345.1003333333333,1868.8947500000002,2837.343885209713
1660003200,1790.83,1777.05,1667.93,1702.76,818171.1019,1406671817.08567,2022-08-09,1690.5042857142857,1634.9389999999999,1345.7645,1858.25325,2832.895430463576
1660089600,1885.0,1702.76,1656.78,1853.57,1317767.5127,2346974815.06706,2022-08-10,1724.1342857142856,1648.845,1351.1091666666666,1848.4691666666665,2827.991589403973
1660176000,1942.0,1853.58,1850.32,1880.19,1105261.9009,2093718964.80063,2022-08-11,1763.0242857142857,1666.091,1358.5316666666668,1838.15175,2824.0920529801324
1660262400,1964.71,1880.19,1853.06,1958.28,717628.1015,1363895150.81011,2022-08-12,1794.6628571428573,1686.5715,1371.006,1829.2875833333335,2820.5074613686534
1660348800,2020.0,1958.28,1946.5,1983.55,695876.0293,1382235354.29249,2022-08-13,1836.5128571428572,1705.864,1383.9168333333332,1820.4791666666667,2817.64
1660435200,2030.0,1983.55,1906.0,1935.31,569583.4852,1122186881.22395,2022-08-14,1870.1014285714284,1730.5900000000001,1395.5466666666666,1811.112583333333,2814.461721854305
1660521600,2012.47,1935.32,1872.31,1899.06,949162.3305,1824203091.99567,2022-08-15,1887.5314285714287,1753.087,1409.3893333333333,1802.0375833333335,2813.269977924944
1660608000,1915.0,1899.05,1853.0,1876.67,622729.1499,1173013843.33805,2022-08-16,1912.3757142857144,1765.1335,1422.5515,1792.2135,2811.300993377484
1660694400,1959.43,1876.67,1818.74,1834.25,951824.8975,1781033503.42343,2022-08-17,1909.6157142857144,1770.6200000000001,1436.5368333333333,1781.6508333333334,2809.9837086092716
1660780800,1882.37,1834.24,1821.25,1846.39,606254.024,1126844899.60775,2022-08-18,1904.787142857143,1776.8555000000001,1448.5011666666667,1771.4037500000002,2808.993686534216
1660867200,1848.0,1846.39,1602.37,1609.01,1419826.9515,2447147973.00589,2022-08-19,1854.8914285714286,1772.4560000000001,1456.514,1759.9489999999998,2807.917792494481
1660953600,1657.08,1609.0,1523.67,1576.04,914615.9226,1468671141.09012,2022-08-20,1796.6757142857143,1767.352,1464.0171666666668,1748.3960833333333,2805.5504856512143
1661040000,1646.52,1576.03,1562.34,1618.13,780662.6062,1255041865.22444,2022-08-21,1751.3642857142859,1766.7445,1473.482833333333,1737.4385833333333,2803.150971302428
1661126400,1629.72,1618.13,1529.92,1624.66,941192.8954,1483442567.23626,2022-08-22,1712.1642857142858,1766.432,1481.4818333333335,1726.6357500000001,2800.3688962472406
1661212800,1676.07,1624.65,1563.76,1665.41,940246.932,1528222432.85183,2022-08-23,1681.9842857142855,1768.7945,1488.8216666666667,1715.459,2797.9918101545254
1661299200,1694.13,1665.4,1604.92,1656.56,744667.6078,1228169659.88739,2022-08-24,1656.6,1771.2245000000003,1495.725,1705.84975,2796.3239514348784
1661385600,1722.0,1656.56,1653.68,1695.11,603090.713,1023691864.19044,2022-08-25,1634.9885714285715,1769.1395,1504.0136666666665,1695.901,2795.035584988962
1661472000,1706.45,1695.11,1486.85,1508.18,1149912.8292,1862598061.3182,2022-08-26,1620.5842857142857,1760.0185000000001,1509.2748333333334,1683.99475,2793.0978366445916
1661558400,1518.42,1508.18,1447.52,1491.06,756136.6768,1125859038.15454,2022-08-27,1608.4442857142858,1749.562,1515.0583333333334,1672.944166666667,2790.4155187637975
1661644800,1511.0,1491.06,1424.0,1426.76,544846.4486,805616000.739226,2022-08-28,1581.1057142857142,1732.0475000000001,1520.5008333333333,1662.1116666666667,2787.749271523179
1661731200,1559.99,1426.76,1422.08,1551.8,826252.0831,1230281044.88017,2022-08-29,1570.6971428571428,1724.4995,1528.514,1651.5032500000002,2785.2008830022073
1661817600,1606.13,1551.79,1473.61,1524.59,1003075.0172,1551625838.93832,2022-08-30,1550.58,1708.0505,1536.2616666666665,1640.4036666666666,2782.259028697572
1661904000,1619.78,1524.59,1524.59,1554.1,949227.6775,1497596316.30099,2022-08-31,1535.9428571428573,1691.7459999999999,1544.3798333333334,1630.1736666666668,2779.7526048565123
1661990400,1599.0,1554.11,1512.77,1586.16,728710.482,1133222116.03277,2022-09-01,1520.3785714285714,1673.1399999999999,1552.9114999999997,1618.8863333333331,2777.4533333333334
1662076800,1650.0,1586.17,1546.41,1575.35,919009.6598,1471855448.35993,2022-09-02,1529.9742857142858,1652.73,1559.984,1609.1145,2774.9443487858716
1662163200,1582.71,1575.35,1534.28,1557.46,321397.2189,500057144.518217,2022-09-03,1539.4599999999998,1633.8375,1567.0666666666666,1599.6529166666664,2772.6604856512145
1662249600,1583.66,1557.45,1540.66,1579.28,296591.1166,463177013.875988,2022-09-04,1561.2485714285715,1617.8485,1573.6118333333334,1590.8524166666668,2770.612030905077
1662336000,1631.99,1579.29,1556.56,1617.8,503492.937,797702531.399046,2022-09-05,1570.6771428571428,1604.9050000000002,1579.9503333333332,1583.3365000000001,2768.421346578366
1662422400,1687.4,1617.8,1555.0,1559.01,1010722.8578,1650513284.85285,2022-09-06,1575.5942857142857,1591.1429999999998,1585.6998333333333,1577.7570000000003,2766.4079249448123
1662508800,1657.5,1559.01,1490.66,1630.0,850991.4243,1326011621.85375,2022-09-07,1586.4371428571428,1580.3235,1592.5828333333334,1571.8232500000001,2764.809668874172
1662595200,1663.56,1630.0,1595.06,1635.37,645124.0085,1050551822.40818,2022-09-08,1593.467142857143,1581.6415000000002,1600.3663333333332,1568.0764166666668,2763.186335540839
1662681600,1746.13,1635.37,1630.51,1718.23,837458.2126,1425281242.15555,2022-09-09,1613.8785714285714,1588.751,1610.7301666666667,1566.0598333333332,2761.4399779249447
1662768000,1789.0,1718.24,1706.03,1774.12,411046.2466,713890164.182501,2022-09-10,1644.83,1596.5504999999998,1622.9891666666667,1564.0967500000002,2759.659293598234
1662854400,1789.0,1774.12,1720.1,1766.11,409287.7263,720937620.963401,2022-09-11,1671.52,1603.623,1633.8410000000001,1561.677,2757.9431125827814
1662940800,1783.0,1766.12,1693.0,1716.37,630774.6032,1093457780.4845,2022-09-12,1685.6014285714284,1606.1709999999998,1642.5568333333333,1558.1026666666667,2756.5048785871963
1663027200,1760.51,1716.37,1560.54,1574.4,1134549.7256,1871967439.64955,2022-09-13,1687.8,1602.063,1648.276,1554.3588333333332,2754.7413465783666
1663113600,1647.01,1574.4,1552.38,1638.39,764562.5393,1222499363.04637,2022-09-14,1688.9985714285715,1599.227,1652.985,1550.5894166666667,2753.4263355408384
1663200000,1655.2,1638.4,1458.0,1472.75,1335499.8047,2095367507.33233,2022-09-15,1665.7671428571427,1597.4555,1655.22,1546.9030833333334,2751.8989183222957
1663286400,1483.35,1472.76,1405.52,1433.9,693597.2425,1006033555.19748,2022-09-16,1625.1485714285714,1594.5974999999999,1652.7676666666666,1542.0226666666667,2750.1117880794704
1663372800,1476.13,1433.9,1409.12,1468.83,421391.3743,608805593.714315,2022-09-17,1581.5357142857142,1596.701,1651.5428333333334,1537.93725,2749.192008830022
1663459200,1469.63,1468.82,1325.55,1334.51,804113.468,1118416540.5607,2022-09-18,1519.8785714285714,1585.8365,1648.425,1532.59925,2747.989426048565
1663545600,1393.35,1334.51,1280.0,1375.98,974855.198,1293086590.94143,2022-09-19,1471.2514285714283,1578.4060000000002,1645.1005,1527.0391666666667,2746.6822295805737
1663632000,1384.78,1375.98,1312.71,1322.93,658027.1465,889324871.236183,2022-09-20,1435.3271428571427,1566.8474999999999,1641.5615,1521.61925,2745.2107284768213
1663718400,1408.9,1322.94,1220.0,1245.78,1192266.7379,1582450799.93747,2022-09-21,1379.24,1549.8285,1636.5133333333333,1515.5056666666667,2743.9678145695366
1663804800,1350.08,1245.79,1237.32,1326.46,904282.2725,1165151398.8301,2022-09-22,1358.3414285714284,1537.384,1631.9926666666665,1510.3709166666665,2742.8570419426046
1663891200,1360.0,1326.47,1262.15,1327.25,974052.3644,1273403019.69252,2022-09-23,1343.1057142857142,1525.8735000000001,1630.100333333333,1506.4960833333332,2741.411059602649
1663977600,1349.33,1327.24,1306.52,1317.13,517557.3497,687931980.008602,2022-09-24,1321.4342857142858,1512.766,1627.9005,1503.0782499999998,2739.717284768212
1664064000,1337.0,1317.13,1269.27,1294.63,515533.8409,674560079.182339,2022-09-25,1315.7371428571428,1496.6075,1622.2153333333333,1498.9316666666666,2737.795209713024
1664150400,1340.42,1294.62,1277.85,1336.17,799166.4333,1048795559.35886,2022-09-26,1310.05,1485.4655,1615.7428333333335,1494.9527500000002,2735.7212362030905
1664236800,1400.0,1336.17,1303.75,1328.02,860584.8944,1170630640.62662,2022-09-27,1310.777142857143,1470.3665,1609.1818333333333,1489.3630833333334,2734.00293598234
1664323200,1355.7,1328.01,1253.2,1337.2,919314.9131,1199743172.3853,2022-09-28,1323.837142857143,1455.458,1603.1851666666666,1484.3239166666667,2732.199558498896
1664409600,1352.02,1337.2,1288.52,1335.7,770591.6895,1022673511.08671,2022-09-29,1325.1571428571428,1436.3314999999998,1597.4781666666668,1480.3051666666665,2730.232030905077
1664496000,1373.19,1335.69,1313.35,1328.72,740753.611,991505362.265307,2022-09-30,1325.3671428571429,1414.0615,1592.4521666666667,1476.0938333333331,2728.0378366445916
1664582400,1333.69,1328.71,1302.68,1311.79,252081.9056,332930112.025412,2022-10-01,1324.6042857142857,1391.3455,1587.1335,1472.23275,2726.08476821192
1664668800,1317.93,1311.79,1270.0,1276.72,371740.0407,482595051.281717,2022-10-02,1322.0457142857142,1369.363,1581.4428333333333,1467.8339166666667,2723.7762030905074
1664755200,1329.9,1276.72,1263.04,1323.09,483775.2435,631178676.535611,2022-10-03,1320.1771428571428,1356.7975000000001,1576.6950000000002,1463.80775,2721.583090507726
1664841600,1369.55,1323.1,1318.66,1361.49,476207.6702,641511283.398288,2022-10-04,1324.9585714285713,1342.9524999999999,1570.4396666666664,1459.6548333333333,2719.9167770419426
1664928000,1364.77,1361.5,1316.29,1352.2,483508.7782,649745323.368146,2022-10-05,1327.1014285714284,1336.925,1564.7996666666666,1455.8120833333335,2718.1622737306843
1665014400,1383.99,1352.2,1345.01,1352.06,573975.324,783638743.155702,2022-10-06,1329.4385714285713,1332.833,1558.9975000000002,1452.1469166666668,2716.4875938189844
1665100800,1361.75,1352.07,1317.26,1331.1,491999.8776,659508723.354053,2022-10-07,1329.7785714285712,1325.9465,1551.5649999999998,1448.3326666666667,2714.7009492273733
1665187200,1337.35,1331.1,1303.51,1315.48,203391.6612,269448439.339348,2022-10-08,1330.3057142857142,1324.9950000000001,1545.1103333333335,1445.4374166666666,2713.1201545253866
1665273600,1329.0,1315.48,1307.26,1323.13,186201.9185,245547831.320531,2022-10-09,1336.9357142857145,1322.3525,1536.2696666666666,1443.6894166666666,2711.7580794701985
1665360000,1338.0,1323.13,1288.0,1290.03,393663.0114,515800751.338415,2022-10-10,1332.212857142857,1320.7075,1526.4336666666666,1442.4826666666665,2710.2027814569533
1665446400,1298.0,1290.03,1267.01,1280.11,429430.3941,550448836.809297,2022-10-11,1320.587142857143,1322.424,1515.1308333333332,1443.0684166666665,2708.791302428256
1665532800,1306.87,1280.11,1275.25,1294.44,369712.5759,478797824.541982,2022-10-12,1312.3357142857144,1320.8229999999999,1503.6456666666668,1443.78125,2707.506931567329
1665619200,1301.58,1294.44,1190.0,1287.08,945618.3163,1183462907.93014,2022-10-13,1303.0528571428572,1318.8145,1492.8418333333332,1444.19425,2706.154812362031
1665705600,1343.12,1287.08,1283.39,1296.27,669742.8093,883059208.714464,2022-10-14,1298.0771428571427,1317.7715,1482.7953333333332,1446.0923333333335,2704.8405298013245
1665792000,1301.69,1296.26,1263.64,1274.92,287100.9529,368914560.658213,2022-10-15,1292.282857142857,1316.786,1472.7661666666668,1447.6588333333334,2703.6400662251654
1665878400,1315.35,1274.93,1274.67,1305.95,293321.3632,379290237.639458,2022-10-16,1289.8285714285714,1315.275,1463.9611666666667,1450.249,2702.580286975717
1665964800,1338.57,1305.96,1295.64,1331.4,459848.4941,606979972.119024,2022-10-17,1295.7385714285715,1315.444,1455.378,1451.9395833333333,2701.1142825607058
1666051200,1341.73,1331.39,1286.72,1310.71,572728.9189,755297911.29191,2022-10-18,1300.1100000000001,1314.1195,1450.4063333333334,1453.4601666666667,2699.538454746137
1666137600,1313.5,1310.71,1280.31,1285.09,368637.5105,478516630.187023,2022-10-19,1298.7742857142857,1311.5890000000002,1445.5571666666665,1454.7871666666665,2697.686004415011
1666224000,1310.87,1285.09,1270.36,1282.57,428531.6103,552593958.212735,2022-10-20,1298.1299999999999,1309.2815,1439.9645000000003,1456.7236666666665,2695.694437086093
1666310400,1306.97,1282.57,1252.65,1299.75,468076.7986,600999941.106533,2022-10-21,1298.6271428571429,1308.6795,1434.5493333333334,1458.0155833333333,2693.729668874172
1666396800,1320.2,1299.76,1294.32,1313.61,221776.7007,290111447.628081,2022-10-22,1304.1542857142856,1310.524,1428.6860000000001,1458.7538333333334,2691.7109713024283
1666483200,1371.55,1313.62,1299.44,1364.2,432269.46,576212623.600304,2022-10-23,1312.4757142857143,1312.5794999999998,1423.8133333333333,1459.7691666666665,2689.646313465784
1666569600,1370.6,1364.19,1324.17,1343.61,611830.797,822740466.673396,2022-10-24,1314.22,1311.6855,1417.9550000000002,1460.9843333333336,2687.5330905077262
1666656000,1525.16,1343.61,1334.94,1459.74,1127932.9012,1612140846.30516,2022-10-25,1335.51,1317.0625,1417.1476666666665,1463.21125,2685.4951655629134
1666742400,1594.99,1459.74,1457.44,1566.1,1236044.7023,1896388070.24978,2022-10-26,1375.6542857142856,1327.7644999999998,1418.3983333333333,1466.7283333333332,2683.5178807947023
1666828800,1578.58,1566.11,1503.2,1514.05,869454.4851,1345399838.03733,2022-10-27,1408.722857142857,1336.9119999999998,1419.8531666666668,1470.177,2681.2728476821194
1666915200,1574.9,1514.04,1479.82,1554.41,858954.4425,1309517416.24114,2022-10-28,1445.1028571428574,1348.8584999999998,1419.8966666666668,1474.205333333333,2679.0625165562915
1667001600,1663.06,1554.4,1547.66,1619.55,914161.0846,1477815830.63917,2022-10-29,1488.8085714285714,1363.6795,1421.4793333333332,1478.8705,2676.8828697571744
1667088000,1640.06,1619.55,1576.56,1590.44,476036.4243,762732547.091583,2022-10-30,1521.1285714285714,1378.7,1422.0849999999998,1483.2324166666665,2674.8550551876383
1667174400,1635.8,1590.45,1545.43,1572.69,810334.2414,1283098004.76574,2022-10-31,1553.8542857142857,1393.329,1421.8605,1487.386,2672.3118101545256
1667260800,1612.92,1572.69,1563.69,1578.48,527539.2965,836251567.424643,2022-11-01,1570.817142857143,1407.5310000000002,1421.9126666666666,1490.9483333333335,2669.5557174392934
1667347200,1621.68,1578.47,1502.32,1518.34,981395.3648,1534786415.43921,2022-11-02,1563.9942857142855,1419.0939999999998,1421.2606666666666,1494.1636666666666,2666.5242825607065
1667433600,1559.01,1518.33,1515.17,1531.01,560202.8813,863253444.76684,2022-11-03,1566.4171428571428,1430.831,1420.4561666666666,1497.034,2662.9275938189844
1667520000,1680.0,1531.01,1528.4,1644.78,935531.4781,1503427052.72077,2022-11-04,1579.3271428571427,1449.324,1420.9058333333335,1500.4280833333332,2659.9097792494485
1667606400,1666.97,1644.78,1621.42,1626.98,351385.5362,577061606.733728,2022-11-05,1580.3885714285714,1465.3754999999999,1422.0386666666666,1503.86925,2656.5244812362034
1667692800,1639.02,1626.98,1564.39,1568.29,414863.9525,668569491.577513,2022-11-06,1577.2242857142858,1477.2199999999998,1421.0101666666667,1506.7965,2653.0512582781457
1667779200,1608.04,1568.25,1545.03,1568.1,642409.4494,1013046543.98044,2022-11-07,1576.5685714285714,1490.0895,1419.889,1510.1276666666668,2649.536026490066
1667865600,1579.98,1568.09,1233.0,1334.77,2339916.5089,3356475001.5459,2022-11-08,1541.752857142857,1492.5735,1413.498,1512.1140833333334,2645.7585651214126
1667952000,1337.16,1334.78,1073.53,1102.73,2494797.9357,3021176147.39616,2022-11-09,1482.3799999999999,1483.5814999999998,1402.3081666666665,1512.6486666666667,2640.8588079470196
1668038400,1350.0,1102.73,1085.93,1299.28,1975955.6767,2443394252.53037,2022-11-10,1449.2757142857142,1483.558,1394.5276666666664,1514.1843333333334,2636.52353200883
1668124800,1310.0,1299.28,1201.26,1289.28,1308087.1498,1652414528.52089,2022-11-11,1398.49,1482.3415,1387.4095000000002,1514.9831666666666,2632.069205298013
1668211200,1292.16,1289.35,1238.7,1257.25,547772.9172,693031301.598889,2022-11-12,1345.6714285714286,1476.994,1382.1236666666668,1515.1998333333333,2627.898609271523
1668297600,1274.23,1257.25,1200.66,1221.49,547410.5304,676891239.244159,2022-11-13,1296.1285714285714,1470.8880000000001,1375.1753333333334,1514.0801666666666,2623.9466666666663
1668384000,1291.2,1221.5,1171.13,1243.28,934742.0059,1152982945.60203,2022-11-14,1249.7257142857143,1460.065,1371.3508333333334,1513.2854166666666,2620.036578366446
1668470400,1291.0,1243.29,1234.01,1253.23,632825.568,798023541.208052,2022-11-15,1238.0771428571427,1444.4215,1368.3396666666667,1510.5536666666667,2615.77412803532
1668556800,1268.67,1253.22,1187.06,1216.17,673339.7215,826025937.836291,2022-11-16,1254.282857142857,1429.5275000000001,1364.1286666666667,1507.83575,2611.2075717439293
1668643200,1228.22,1216.16,1181.05,1200.43,530537.3488,638342419.855931,2022-11-17,1240.1614285714288,1411.8285,1361.894,1505.1595000000002,2606.74178807947
1668729600,1234.0,1200.42,1199.18,1212.58,360218.5337,437658373.674359,2022-11-18,1229.2042857142858,1391.48,1359.1706666666666,1502.1355833333332,2602.2706622516553
1668816000,1235.0,1212.58,1197.67,1217.67,209789.5888,254211466.151609,2022-11-19,1223.55,1372.8415,1357.4163333333333,1499.4889166666667,2597.626931567329
1668902400,1227.07,1217.67,1132.65,1142.21,531108.7607,625008081.79912,2022-11-20,1212.2242857142858,1351.3175,1355.6901666666668,1496.10175,2593.1492052980134
1668988800,1146.99,1142.21,1079.76,1107.34,922647.9454,1031424505.49833,2022-11-21,1192.804285714286,1327.7604999999999,1352.0381666666667,1492.0154166666666,2588.470331125828
1669075200,1146.13,1107.34,1075.0,1139.6,748884.5791,831782462.696527,2022-11-22,1176.5714285714287,1308.8235,1348.9106666666669,1489.5055,2584.1577483443707
1669161600,1190.0,1139.59,1127.75,1184.52,636927.1594,741271142.430098,2022-11-23,1172.05,1291.499,1346.7005,1487.3005,2579.5464238410595
1669248000,1217.71,1184.52,1180.6,1203.73,486080.6123,583303022.423642,2022-11-24,1172.5214285714285,1269.4465,1345.1855,1483.7004166666666,2575.0414569536424
1669334400,1207.77,1203.72,1171.2,1199.3,391430.1658,465159072.757305,2022-11-25,1170.6242857142859,1248.0625,1342.9043333333332,1479.3235833333333,2570.5730905077266
1669420800,1235.66,1199.29,1196.2,1205.6,379840.8116,461938380.004201,2022-11-26,1168.9,1229.928,1340.864,1475.0229166666666,2566.1050110375277
1669507200,1223.33,1205.61,1188.65,1193.88,286386.7986,347218857.867976,2022-11-27,1176.2814285714285,1211.2169999999999,1338.4753333333333,1470.83025,2561.1705298013244
1669593600,1199.25,1193.88,1151.02,1167.77,478795.6093,560568777.560251,2022-11-28,1184.9142857142856,1202.867,1335.6765,1466.5773333333334,2555.3006622516555
1669680000,1228.37,1167.77,1158.27,1216.49,512143.5861,617963786.601915,2022-11-29,1195.8985714285714,1208.555,1333.806,1463.1290833333335,2549.6288520971298
1669766400,1309.77,1216.49,1212.5,1294.46,815679.2717,1038748742.50376,2022-11-30,1211.6042857142857,1208.3139999999999,1333.517166666667,1460.3253333333334,2543.7929801324503
1669852800,1299.9,1294.46,1262.77,1276.41,430018.7391,550769676.044084,2022-12-01,1221.9871428571428,1207.6705,1333.512,1457.4774166666668,2538.0333554083886
1669939200,1297.18,1276.4,1265.24,1295.59,371559.585,475691291.455063,2022-12-02,1235.7428571428572,1209.5875,1333.0536666666667,1454.8743333333334,2532.173090507726
1670025600,1309.0,1295.58,1236.26,1240.51,347148.2588,441457418.331919,2022-12-03,1240.73,1210.5385,1331.0373333333334,1450.7385000000002,2526.2431567328917
1670112000,1287.19,1240.5,1240.1,1279.41,324129.5466,409404653.048475,2022-12-04,1252.9485714285713,1212.345,1329.8241666666668,1447.3119166666668,2521.4856291390734
1670198400,1305.11,1279.4,1246.61,1259.41,391628.5166,501560285.699509,2022-12-05,1266.0400000000002,1212.654,1328.2799999999997,1443.6387499999998,2516.541721854305
1670284800,1274.76,1259.41,1241.56,1271.32,301631.839,379095106.355305,2022-12-06,1273.8728571428571,1215.4115,1327.2836666666667,1439.4243333333332,2511.78761589404
1670371200,1278.69,1271.31,1218.01,1231.18,398559.5166,492706380.526734,2022-12-07,1264.8328571428572,1216.949,1325.8786666666665,1435.4945,2507.421876379691
1670457600,1292.58,1231.18,1222.01,1280.18,406653.5447,509776313.423839,2022-12-08,1265.3714285714286,1220.3290000000002,1325.1628333333333,1430.7162500000002,2503.0354966887417
1670544000,1296.64,1280.18,1250.0,1263.1,406008.0032,518804946.771469,2022-12-09,1260.73,1222.6005,1324.714,1425.5738333333331,2498.3089845474615
1670630400,1283.61,1263.11,1259.6,1266.35,182278.6396,231301933.590191,2022-12-10,1264.4214285714286,1228.8075,1324.4846666666667,1419.80775,2493.8520309050773
1670716800,1284.75,1266.35,1255.85,1263.01,180494.902,229443304.733031,2022-12-11,1262.0785714285716,1236.591,1323.9608333333333,1413.8032500000002,2489.058741721854
1670803200,1278.9,1263.0,1240.03,1275.4,363750.5481,456347758.277843,2022-12-12,1264.362857142857,1243.3809999999999,1323.7661666666668,1408.304,2483.897262693157
1670889600,1349.0,1275.41,1255.1,1320.69,659393.8825,859595295.378895,2022-12-13,1271.4157142857143,1250.1895,1324.1731666666667,1403.48425,2478.936357615894
1670976000,1352.72,1320.69,1301.0,1307.44,554465.5717,734778540.993996,2022-12-14,1282.31,1255.375,1324.7151666666666,1398.7406666666668,2474.3174392935985
1671062400,1311.14,1307.45,1259.27,1266.54,390051.2447,499233719.985679,2022-12-15,1280.3614285714284,1258.737,1324.0583333333334,1394.0097500000002,2469.5291390728476
1671148800,1280.06,1266.53,1155.32,1166.83,751422.2779,907833696.288013,2022-12-16,1266.6085714285714,1256.7984999999999,1321.3155000000002,1388.34675,2464.7569757174397
1671235200,1190.03,1166.82,1161.92,1187.16,328881.6281,387145994.352974,2022-12-17,1255.2957142857142,1256.4625,1319.2563333333335,1384.8313333333333,2460.80527593819
1671321600,1199.54,1187.16,1170.32,1183.06,252260.144,298608427.352787,2022-12-18,1243.8742857142859,1257.227,1317.5558333333333,1381.5565,2457.31114790287
1671408000,1195.0,1183.06,1150.51,1167.82,296832.7228,349312990.374414,2022-12-19,1228.5057142857142,1254.7935,1315.6433333333332,1377.8039166666667,2453.0967991169978
1671494400,1230.47,1167.82,1163.12,1216.94,465184.1943,561079146.680025,2022-12-20,1213.6842857142858,1250.9175,1314.2631666666666,1374.40625,2448.8240397350996
1671580800,1223.39,1216.95,1203.02,1213.78,245723.8377,297776619.126343,2022-12-21,1200.3042857142857,1247.786,1312.599333333333,1370.6426666666666,2445.038719646799
1671667200,1237.99,1213.78,1182.54,1217.71,336761.6598,406520096.766709,2022-12-22,1193.3285714285714,1243.892,1310.1578333333334,1366.9855833333334,2441.2770860927153
1671753600,1231.99,1217.72,1210.0,1219.99,278604.2882,340146608.67751,2022-12-23,1200.922857142857,1242.866,1308.0974999999999,1363.02625,2437.216644591612
1671840000,1227.99,1219.98,1214.69,1220.41,123701.5301,150864338.673479,2022-12-24,1205.672857142857,1239.916,1304.1086666666667,1360.6281666666666,2433.452450331126
1671926400,1225.0,1220.42,1193.18,1218.51,231652.0612,280833354.711449,2022-12-25,1210.7371428571428,1237.8709999999999,1298.3155000000002,1358.3569166666666,2429.950463576159
1672012800,1231.09,1218.52,1211.67,1228.11,162723.0857,198389481.179895,2022-12-26,1219.3500000000001,1235.7105,1293.5498333333333,1356.7015,2426.3691390728477
1672099200,1233.73,1228.12,1200.58,1211.55,262437.6398,319100139.542709,2022-12-27,1218.58,1234.7289999999998,1287.8355,1353.8660833333333,2422.4197792494483
1672185600,1215.78,1211.55,1181.06,1190.15,367828.8914,439875906.992195,2022-12-28,1215.2042857142858,1230.2275,1280.6788333333336,1351.0790833333333,2417.740397350993
1672272000,1206.57,1190.15,1186.77,1200.49,249130.4869,298245107.21298,2022-12-29,1212.7442857142858,1227.097,1274.1796666666667,1348.1323333333332,2412.9119867549666
1672358400,1202.15,1200.48,1181.08,1199.99,266014.2115,317524824.577787,2022-12-30,1209.8871428571426,1223.779,1267.968,1344.9142500000003,2408.0163134657832
1672444800,1208.46,1199.98,1191.66,1196.13,139379.2811,167161720.78087,2022-12-31,1206.4185714285716,1220.435,1261.5955000000001,1341.7540833333335,2403.181479028698
1672531200,1204.67,1196.13,1190.57,1200.34,117762.0685,141014996.655708,2023-01-01,1203.8228571428572,1216.6820000000002,1256.2955,1338.7780833333336,2398.0712582781457
1672617600,1224.29,1200.33,1193.0,1214.0,252794.14,306657437.527479,2023-01-02,1201.8071428571427,1211.3475,1251.012,1335.7340833333333,2392.859580573951
1672704000,1219.89,1213.99,1204.93,1214.55,205519.4944,249325343.252245,2023-01-03,1202.2357142857143,1206.703,1243.8415,1332.3736666666666,2387.6213465783662
1672790400,1272.6,1214.56,1212.71,1256.9,457799.6648,571805761.158055,2023-01-04,1211.7714285714285,1206.221,1237.6735,1329.8560833333331,2382.5303311258276
1672876800,1259.95,1256.91,1242.81,1251.24,272805.33,341379819.27811,2023-01-05,1219.0214285714287,1210.4415000000001,1232.3893333333333,1326.69975,2377.4010154525386
1672963200,1276.7,1251.25,1236.0,1269.14,342344.2023,429648347.112603,2023-01-06,1228.8999999999999,1214.5404999999998,1227.4066666666668,1323.6478333333332,2372.665739514349
1673049600,1271.09,1269.13,1261.3,1264.07,129474.2884,163760550.011656,2023-01-07,1238.6057142857142,1218.591,1226.2283333333332,1319.8631666666668,2367.636931567329
1673136000,1296.0,1264.06,1257.77,1290.16,213636.7848,271373377.530058,2023-01-08,1251.4371428571428,1224.708,1229.3521666666668,1315.8301666666666,2362.777549668874
1673222400,1344.91,1290.15,1285.44,1320.39,581727.6968,766640085.930397,2023-01-09,1266.6357142857144,1229.8805,1229.7040000000002,1312.1158333333333,2357.7289183222956
1673308800,1347.69,1320.4,1316.8,1335.62,459660.2307,611680590.741332,2023-01-10,1283.9314285714286,1235.9725,1230.476333333333,1308.9429166666666,2352.309050772627
1673395200,1398.0,1335.63,1321.04,1389.39,472465.9556,635118946.429521,2023-01-11,1302.8585714285714,1244.5565000000001,1232.6786666666665,1307.4011666666668,2346.8353200883
1673481600,1438.0,1389.4,1361.92,1415.92,877712.4492,1231660847.86825,2023-01-12,1326.3842857142859,1254.3529999999998,1235.9191666666668,1305.5472499999998,2341.506313465784
1673568000,1464.0,1415.91,1401.03,1451.2,499377.8649,709963291.541629,2023-01-13,1352.392857142857,1265.8925,1239.3845000000001,1305.3676666666665,2336.217902869757
1673654400,1599.98,1451.21,1449.14,1549.9,940691.7774,1444283818.18917,2023-01-14,1393.2257142857143,1282.462,1244.329,1306.3343333333332,2331.372295805739
1673740800,1566.66,1549.91,1516.03,1552.52,387832.7138,596626752.297843,2023-01-15,1430.7057142857143,1298.6825000000001,1249.9348333333332,1307.0317499999999,2326.2409271523175
1673827200,1604.5,1552.52,1521.31,1576.94,574622.8953,897953752.929984,2023-01-16,1467.3557142857142,1316.952,1256.21,1309.0520000000001,2320.536269315673
1673913600,1609.0,1576.94,1541.15,1565.57,506771.7219,797552620.187337,2023-01-17,1500.2057142857143,1335.723,1262.0931666666665,1310.6319166666665,2315.0452759381897
1674000000,1610.0,1565.56,1501.39,1511.43,752534.8857,1172243167.72986,2023-01-18,1517.64,1351.27,1266.9891666666667,1312.2027500000002,2309.6131125827815
1674086400,1564.43,1511.44,1509.15,1551.09,308679.4645,473220810.93493,2023-01-19,1536.9500000000003,1368.825,1273.8038333333332,1314.747,2303.83821192053
1674172800,1669.9,1551.09,1542.02,1658.52,440570.9974,702227917.870663,2023-01-20,1566.5671428571427,1391.9445,1282.9901666666667,1317.5141666666668,2298.487637969095
1674259200,1679.26,1658.53,1616.21,1626.66,494248.6009,815990095.346851,2023-01-21,1577.532857142857,1413.2604999999999,1291.1078333333332,1320.00925,2292.7620088300223
1674345600,1663.89,1626.65,1604.0,1627.44,431729.6909,703883818.617405,2023-01-22,1588.2357142857143,1433.9325,1298.4898333333333,1322.5951666666667,2287.234238410596
1674432000,1648.09,1627.43,1585.29,1626.29,407267.1156,662442276.006642,2023-01-23,1595.2857142857142,1454.5194999999999,1305.5325,1325.3590000000002,2282.1664459161148
1674518400,1641.46,1626.28,1535.0,1555.97,462275.3243,742483248.778448,2023-01-24,1593.9142857142856,1469.4730000000002,1311.477,1327.1906666666666,2276.1398454746136
1674604800,1641.0,1555.97,1518.0,1611.94,646474.9166,1010958308.52326,2023-01-25,1608.2728571428572,1487.508,1318.2493333333334,1329.5566666666666,2269.94348785872
1674691200,1632.84,1611.95,1577.43,1601.09,532777.8466,856294452.549072,2023-01-26,1615.4157142857143,1504.1055000000001,1325.0361666666665,1331.75575,2263.9355629139072
1674777600,1621.0,1601.08,1552.54,1597.62,512093.3875,810894459.592812,2023-01-27,1606.7157142857143,1520.783,1332.2003333333334,1333.9384166666669,2257.998278145695
1674864000,1606.83,1597.61,1555.99,1572.1,313675.6574,496009423.632769,2023-01-28,1598.9214285714284,1534.88,1338.1271666666667,1335.9665833333336,2251.93353200883
1674950400,1660.0,1572.1,1566.33,1644.72,551767.9134,892135111.02851,2023-01-29,1601.3899999999999,1551.0964999999999,1343.9648333333332,1338.7409999999998,2245.4320529801325
1675036800,1647.53,1644.73,1535.0,1566.2,595055.3281,945663093.918117,2023-01-30,1592.8057142857142,1562.6254999999999,1348.794666666667,1341.1533333333332,2238.727527593819
1675123200,1605.18,1566.21,1561.63,1585.33,348856.6751,550862274.147693,2023-01-31,1597.0,1572.4225000000001,1353.6236666666666,1343.3386666666668,2232.222030905077
1675209600,1647.77,1585.32,1555.18,1641.68,474617.1709,757974339.888151,2023-02-01,1601.2485714285715,1583.7105000000001,1360.3098333333332,1345.6735833333335,2225.9691390728476
1675296000,1714.68,1641.67,1626.85,1643.12,629188.8874,1052104526.87266,2023-02-02,1607.252857142857,1593.3065000000001,1366.3716666666664,1348.0979166666666,2219.622825607064
1675382400,1676.0,1643.12,1625.93,1663.52,464815.032,766949169.430422,2023-02-03,1616.6671428571428,1598.9875,1373.1068333333335,1350.6934166666665,2213.112737306843
1675468800,1695.29,1663.52,1645.43,1666.38,308227.1295,514857995.985798,2023-02-04,1630.1357142857144,1604.6805,1379.6911666666667,1353.4874166666666,2206.177637969095
1675555200,1673.81,1666.39,1609.3,1629.02,413579.6748,680127291.926744,2023-02-05,1627.892857142857,1607.2845,1386.3218333333336,1356.10025,2199.3270640176597
1675641600,1658.56,1629.01,1605.01,1614.29,384119.4197,626831152.687586,2023-02-06,1634.7628571428572,1609.7205,1391.8903333333333,1358.5265833333333,2192.672560706402
1675728000,1678.37,1614.28,1613.14,1671.03,451922.4,743635216.728552,2023-02-07,1647.0057142857145,1617.7005000000001,1398.6891666666668,1361.7015833333332,2185.9441501103756
1675814400,1697.91,1671.03,1630.47,1650.43,417966.2539,695793337.577435,2023-02-08,1648.2557142857142,1622.6675,1405.0905,1364.7875833333333,2179.2884547461367
1675900800,1656.17,1650.42,1524.4,1545.35,658011.6964,1054014372.58339,2023-02-09,1634.2885714285715,1617.009,1409.7961666666667,1366.8784999999998,2172.447549668874
1675987200,1555.01,1545.35,1490.0,1513.06,484654.2199,743164643.511499,2023-02-10,1612.7942857142857,1611.329,1413.7571666666665,1368.7616666666665,2165.574613686534
1676073600,1543.0,1513.05,1505.0,1538.51,289691.5708,440657107.728338,2023-02-11,1594.5271428571427,1606.8825000000002,1417.3875,1370.7803333333331,2158.896313465784
1676160000,1548.02,1538.5,1493.08,1514.83,286758.374,438014692.308034,2023-02-12,1578.2142857142858,1601.3094999999998,1420.844,1372.7795833333332,2152.9472406181017
1676246400,1526.1,1514.82,1461.93,1505.24,643152.3904,959644223.335073,2023-02-13,1562.6357142857141,1598.773,1424.8223333333333,1374.4403333333332,2146.80472406181
1676332800,1569.0,1505.25,1482.66,1555.71,668964.3768,1021642935.31398,2023-02-14,1546.1614285714284,1595.9615,1431.3036666666667,1376.3095833333332,2141.4157836644595
1676419200,1680.0,1555.7,1542.55,1674.92,581207.8586,928452953.945049,2023-02-15,1549.66,1599.653,1439.433,1379.3446666666669,2135.632472406181
1676505600,1742.97,1674.92,1633.72,1637.84,832723.6731,1408096156.86622,2023-02-16,1562.8728571428571,1601.6640000000002,1447.0126666666665,1382.2842500000002,2129.508123620309
1676592000,1722.0,1637.83,1630.51,1693.87,579934.663,970891863.058295,2023-02-17,1588.702857142857,1607.7525,1455.7801666666667,1385.71175,2123.8471081677703
1676678400,1713.13,1693.81,1679.77,1691.62,267305.7813,452969773.61025,2023-02-18,1610.5757142857144,1610.0975,1463.6915000000001,1388.9773333333333,2118.5615673289185
1676764800,1726.59,1691.62,1666.14,1679.75,401023.0477,680092027.331298,2023-02-19,1634.1357142857144,1615.775,1471.4576666666667,1392.0285,2112.6902869757178
1676851200,1719.89,1679.74,1650.56,1703.27,451314.8335,765198951.963577,2023-02-20,1662.4257142857143,1621.672,1479.5503333333331,1394.8540833333332,2107.025629139073
1676937600,1716.66,1703.27,1636.3,1659.76,520354.4688,874136698.284591,2023-02-21,1677.2899999999997,1622.5759999999998,1486.8798333333334,1397.4886666666666,2100.7009271523175
1677024000,1666.95,1659.77,1595.07,1643.14,528875.4809,861982489.016571,2023-02-22,1672.75,1622.577,1493.9253333333334,1399.017,2095.407196467991
1677110400,1679.0,1643.15,1628.75,1650.53,501305.9717,829754759.565515,2023-02-23,1674.562857142857,1621.9275,1501.1256666666666,1399.7205833333333,2090.0103752759383
1677196800,1664.66,1650.52,1575.64,1607.8,512515.4982,831164574.11824,2023-02-24,1662.267142857143,1618.9985,1507.4538333333333,1400.5018333333333,2084.0788520971305
1677283200,1608.98,1607.8,1557.33,1594.58,290188.0391,462128193.104393,2023-02-25,1648.4042857142856,1617.2765000000002,1513.8376666666668,1400.8365833333335,2077.787571743929
1677369600,1651.26,1594.58,1587.76,1641.36,308607.9941,499002379.520129,2023-02-26,1642.9199999999998,1618.6299999999999,1521.3578333333332,1401.0183333333334,2071.189558498896
1677456000,1665.22,1641.37,1608.0,1633.45,431861.4129,707841123.057607,2023-02-27,1632.945714285714,1616.751,1528.5738333333334,1401.3767500000001,2064.6785209713025
1677542400,1647.52,1633.45,1596.66,1605.23,393523.1647,640150766.311205,2023-02-28,1625.1557142857143,1614.491,1535.3278333333333,1401.6479166666666,2058.263554083885
1677628800,1669.72,1605.24,1595.0,1665.22,474456.8235,780632253.606366,2023-03-01,1628.31,1620.4845,1543.146,1402.3707499999998,2052.633289183223
1677715200,1677.86,1665.23,1619.18,1647.86,423023.8082,694364877.504408,2023-03-02,1627.9285714285713,1627.2245,1550.6046666666666,1403.4500833333334,2047.1820971302427
1677801600,1649.25,1647.86,1544.39,1569.45,742816.5976,1166573996.74424,2023-03-03,1622.45,1628.7715,1556.5288333333333,1403.7704166666665,2041.3830022075056
1677888000,1577.53,1569.45,1549.12,1566.73,237640.2606,371865636.794456,2023-03-04,1618.4714285714285,1631.3665,1562.3984999999998,1403.12,2035.2442384105962
1677974400,1588.77,1566.74,1553.05,1564.58,299240.7415,469729098.462738,2023-03-05,1607.5028571428572,1634.3335,1567.5265,1402.6,2029.191655629139
1678060800,1583.49,1564.57,1554.44,1565.84,307709.3011,482146763.966397,2023-03-06,1597.8442857142857,1634.84,1572.7698333333333,1402.5795833333332,2022.853752759382
1678147200,1584.49,1565.84,1536.14,1561.96,437947.9032,682865640.744412,2023-03-07,1591.662857142857,1629.1919999999998,1577.6501666666666,1402.5284166666668,2017.2385651214129
1678233600,1570.89,1561.95,1523.61,1532.38,460101.7658,714552395.993279,2023-03-08,1572.685714285714,1623.9189999999999,1582.122,1404.1751666666669,2012.0165783664459
1678320000,1546.45,1532.38,1408.0,1437.32,718485.1364,1072396877.90758,2023-03-09,1542.6085714285714,1611.0915,1584.5746666666666,1406.9634166666665,2006.1621633554082
1678406400,1439.43,1437.32,1368.39,1426.44,960262.4509,1353741388.82726,2023-03-10,1522.1785714285713,1597.8325,1586.3421666666666,1408.0230833333333,2000.194039735099
1678492800,1478.07,1426.43,1408.4,1471.97,1374859.6201,1987926852.34837,2023-03-11,1508.6414285714286,1587.4434999999999,1588.6146666666668,1409.5455,1995.094790286976
1678579200,1594.19,1471.93,1448.3,1580.33,1002355.0929,1506839740.46965,2023-03-12,1510.8914285714286,1581.2965,1591.797,1412.2378333333334,1990.0646357615894
1678665600,1693.49,1580.33,1565.0,1673.45,1228063.6053,1992277884.79634,2023-03-13,1526.2642857142857,1581.9810000000002,1596.0891666666664,1416.0041666666666,1984.8866445916112
1678752000,1780.02,1673.44,1655.24,1699.4,1283321.2355,2195733827.91012,2023-03-14,1545.8985714285714,1584.7939999999999,1600.2258333333334,1419.8051666666665,1979.9005298013244
1678838400,1716.9,1699.41,1611.0,1649.96,963142.4833,1602460705.8957,2023-03-15,1562.6957142857143,1584.7655,1601.8935,1423.1112500000002,1974.9878145695366
1678924800,1691.42,1649.95,1632.18,1673.73,627985.6119,1040043241.14028,2023-03-16,1596.4685714285715,1588.0620000000001,1603.9136666666666,1426.9242499999998,1969.9410154525387
1679011200,1800.0,1673.73,1662.65,1789.27,907528.2825,1569265196.4529,2023-03-17,1648.3014285714287,1597.7965,1607.4524999999999,1431.83125,1965.2282781456954
1679097600,1841.0,1789.26,1747.47,1758.84,711614.731,1280189359.42455,2023-03-18,1689.282857142857,1603.6705000000002,1610.6736666666666,1436.3834166666668,1960.4029139072848
1679184000,1841.36,1758.84,1757.92,1780.68,541131.8908,972006261.580209,2023-03-19,1717.9042857142856,1611.032,1615.1611666666665,1441.0751666666665,1955.4725165562913
1679270400,1803.05,1780.67,1722.0,1732.78,682848.1248,1205036446.95122,2023-03-20,1726.3799999999999,1617.4095000000002,1618.1893333333333,1445.9965833333333,1950.5128476821192
1679356800,1835.0,1732.77,1717.01,1801.23,742348.4999,1324018564.21104,2023-03-21,1740.9271428571428,1624.21,1620.5678333333333,1451.779,1945.4131125827814
1679443200,1819.98,1801.23,1710.12,1734.33,891287.6009,1581074700.20938,2023-03-22,1752.9799999999998,1628.5335,1622.3623333333335,1456.7350833333333,1940.309293598234
1679529600,1857.16,1734.34,1729.35,1813.79,732061.103,1312199315.57751,2023-03-23,1772.9885714285715,1640.7505,1625.4681666666668,1461.979,1935.273885209713
1679616000,1818.99,1813.78,1726.4,1749.57,564770.1417,1001546184.53214,2023-03-24,1767.3171428571427,1649.8925,1627.5228333333332,1466.5276666666666,1930.1657395143488
1679702400,1763.23,1749.57,1713.09,1741.88,355679.3743,620341997.183512,2023-03-25,1764.8942857142858,1658.7575000000002,1630.6213333333333,1471.049166666667,1925.0987417218544
1679788800,1801.0,1741.88,1739.31,1773.88,354933.2372,627660488.27267,2023-03-26,1763.9228571428573,1669.1595000000002,1633.320333333333,1475.7848333333334,1920.6420750551877
1679875200,1780.48,1773.88,1686.13,1715.22,570563.5023,987197970.21984,2023-03-27,1761.4142857142856,1676.8225000000002,1635.2224999999999,1480.1293333333333,1916.4147682119205
1679961600,1795.73,1715.21,1701.13,1772.99,536511.3973,935507384.149678,2023-03-28,1757.3799999999999,1688.8529999999998,1638.1453333333334,1485.1728333333335,1912.1404194260485
1680048000,1827.99,1773.0,1772.48,1793.07,536865.5972,967342311.082234,2023-03-29,1765.7714285714287,1706.6405,1641.8281666666667,1489.9776666666664,1907.9833333333331
1680134400,1829.69,1793.06,1763.0,1793.61,579690.0394,1039397383.7804,2023-03-30,1762.8885714285714,1724.9989999999998,1644.3096666666665,1494.13725,1903.6302869757176
1680220800,1847.28,1793.6,1777.91,1821.52,554525.4762,1006896937.02525,2023-03-31,1773.1671428571428,1742.4765,1648.5649999999998,1498.6798333333331,1899.200375275938
1680307200,1842.83,1821.52,1807.81,1820.79,272904.9674,497460628.076191,2023-04-01,1784.44,1754.4995000000004,1652.4893333333334,1503.0565,1894.9065562913906
1680393600,1824.81,1820.8,1771.7,1794.51,322122.9385,580909276.164171,2023-04-02,1787.3871428571426,1760.5524999999998,1655.0365,1507.6731666666667,1890.5122958057393
1680480000,1839.99,1794.51,1762.77,1810.51,628503.6619,1131436800.43707,2023-04-03,1801.0,1766.1079999999997,1657.8263333333334,1512.0989999999997,1886.6930463576157
1680566400,1891.91,1810.51,1802.01,1870.37,622208.6411,1151551698.65327,2023-04-04,1814.9114285714288,1777.1285,1661.2738333333334,1517.1903333333335,1883.3013465783665
1680652800,1942.98,1870.38,1864.58,1908.69,548595.5155,1045846831.79156,2023-04-05,1831.4285714285713,1788.8764999999999,1665.312333333333,1522.50175,1880.4524503311256
1680739200,1909.91,1908.68,1853.7,1872.41,396241.4352,743618300.024,2023-04-06,1842.685714285714,1793.0335,1669.3688333333332,1527.8453333333334,1877.7845916114788
1680825600,1882.61,1872.41,1841.46,1863.72,284256.4873,528718750.378566,2023-04-07,1848.7142857142858,1798.2775000000001,1673.526,1532.7081666666666,1874.9407726269314
1680912000,1879.38,1863.73,1847.0,1848.82,197905.5407,368792680.929658,2023-04-08,1852.7185714285715,1801.6845,1676.4891666666667,1537.5891666666669,1872.2170198675499
1680998400,1873.99,1848.82,1824.01,1858.92,287131.3079,529878494.840373,2023-04-09,1861.92,1807.9915,1679.964,1542.52725,1869.1688962472406
1681084800,1918.79,1858.91,1846.4,1910.2,434739.7984,816212712.862947,2023-04-10,1876.1614285714288,1813.44,1686.0448333333334,1547.9205,1865.9435982339955
1681171200,1937.37,1910.21,1881.11,1889.86,405203.4892,774389695.845932,2023-04-11,1878.945714285714,1821.2164999999998,1692.3248333333333,1553.0410000000002,1862.9618101545252
1681257600,1933.0,1889.86,1852.65,1917.39,630844.4186,1195663632.07873,2023-04-12,1880.1885714285715,1826.3965,1698.6395,1558.0135,1859.8933112582783
1681344000,2023.0,1917.4,1899.55,2012.01,676164.5188,1333377092.12459,2023-04-13,1900.1314285714284,1839.5184999999997,1706.9258333333332,1563.8849166666666,1856.992582781457
1681430400,2128.76,2012.0,2009.22,2099.99,896307.3934,1877719501.12373,2023-04-14,1933.8842857142856,1857.4239999999998,1716.8383333333334,1570.830333333333,1854.2400662251655
1681516800,2111.85,2099.99,2071.13,2090.6,321823.7851,674260851.49151,2023-04-15,1968.4242857142856,1873.2600000000002,1725.7531666666666,1578.5284166666668,1851.7697130242825
1681603200,2141.54,2090.61,2072.72,2118.67,319880.4393,673034613.415835,2023-04-16,2005.5314285714285,1893.4325000000001,1733.1490000000001,1586.2910000000002,1849.471302428256
1681689600,2120.51,2118.66,2056.25,2074.0,426972.7071,889433328.786508,2023-04-17,2028.9314285714283,1908.4830000000002,1740.4183333333335,1593.7155,1847.2416777041942
1681776000,2125.0,2073.99,2051.0,2103.5,414244.6135,867291463.569828,2023-04-18,2059.4514285714286,1924.0044999999998,1747.2455000000002,1601.5128333333334,1845.2593818984546
1681862400,2104.6,2103.51,1923.03,1933.73,775389.0602,1547934187.85902,2023-04-19,2061.785714285714,1931.0105000000003,1751.2806666666665,1607.4860833333332,1843.8588962472406
1681948800,1982.99,1933.74,1914.43,1942.98,625336.2495,1218184973.2994,2023-04-20,2051.924285714286,1937.0835,1755.6678333333332,1613.56275,1842.8231346578366
1682035200,1957.27,1942.98,1825.0,1848.78,688876.6186,1306179482.09194,2023-04-21,2016.0371428571427,1938.4829999999997,1758.0929999999998,1618.8216666666667,1841.2994481236203
1682121600,1887.31,1848.77,1841.64,1874.16,331007.5879,616579601.311765,2023-04-22,1985.1171428571429,1942.4655000000002,1761.6663333333333,1624.2730833333335,1840.0519205298015
1682208000,1882.01,1874.17,1836.37,1862.0,344514.3444,641362428.689366,2023-04-23,1948.4500000000003,1945.0400000000002,1765.3139999999999,1629.6196666666667,1838.7344150110378
1682294400,1890.0,1862.01,1806.0,1841.84,447864.0517,826968889.241232,2023-04-24,1915.2842857142857,1943.6135,1768.5024999999998,1634.8140833333334,1837.3632229580576
1682380800,1877.86,1841.84,1801.66,1866.1,457870.6047,839226421.378246,2023-04-25,1881.3700000000001,1941.484,1772.8075,1640.130666666667,1836.1311037527594
1682467200,1964.72,1866.1,1785.0,1865.81,897565.8798,1695635069.53983,2023-04-26,1871.6671428571428,1941.154,1777.328,1645.5828333333334,1834.6318101545255
1682553600,1940.96,1866.01,1861.19,1909.15,727402.0783,1382958842.35818,2023-04-27,1866.8342857142857,1943.4255,1781.7911666666666,1651.5745,1833.1035982339954
1682640000,1923.88,1908.68,1873.94,1891.15,387571.3499,736090924.262973,2023-04-28,1872.887142857143,1945.542,1786.0861666666667,1657.3300000000002,1831.5350993377483
1682726400,1918.0,1890.93,1883.05,1907.71,182030.2489,345997923.86337,2023-04-29,1877.6799999999998,1947.9814999999999,1791.1274999999998,1663.2276666666664,1829.8149448123618
1682812800,1939.0,1907.79,1874.18,1875.28,349948.4705,667838604.639018,2023-04-30,1879.5771428571427,1946.2355,1794.6285,1668.8872499999998,1827.8018101545254
1682899200,1886.49,1870.08,1806.12,1831.32,445436.2837,818669818.527842,2023-05-01,1878.0742857142857,1943.3085000000003,1797.6861666666666,1674.1454166666665,1825.9268653421634
1682985600,1881.87,1830.73,1822.94,1869.74,373677.6892,690766691.257404,2023-05-02,1878.5942857142857,1940.926,1802.691,1679.6099166666668,1824.1040838852098
1683072000,1916.52,1870.09,1842.64,1904.76,464866.4474,870614832.653249,2023-05-03,1884.1585714285716,1935.5635000000002,1808.3248333333333,1685.3616666666667,1821.697395143488
1683158400,1918.26,1905.12,1866.71,1877.08,354525.2037,670578101.531649,2023-05-04,1879.5771428571427,1924.4179999999997,1813.5331666666668,1690.5298333333335,1819.1906181015452
1683244800,1998.36,1877.07,1875.65,1993.31,546547.507,1061061054.63448,2023-05-05,1894.1714285714284,1919.5535,1820.6576666666665,1696.71375,1816.8469536423843
1683331200,2019.0,1993.3,1860.0,1896.7,607910.6368,1169567044.16209,2023-05-06,1892.5985714285714,1908.455,1826.2366666666667,1701.9434166666665,1814.1028697571744
1683417600,1933.33,1896.33,1867.59,1868.94,411502.5937,784263187.053549,2023-05-07,1891.6928571428573,1898.202,1831.846,1706.984,1811.348454746137
1683504000,1883.97,1870.41,1810.73,1847.52,625289.9375,1157553918.69058,2023-05-08,1894.0071428571428,1885.4029999999998,1838.6826666666668,1711.6286666666667,1808.2658498896246
1683590400,1861.88,1847.55,1830.99,1846.52,304388.4341,561425945.738339,2023-05-09,1890.69,1881.0425000000002,1845.6840000000002,1716.0130833333335,1805.5595143487858
1683676800,1887.47,1846.53,1790.51,1841.0,639802.3264,1182013443.03439,2023-05-10,1881.5814285714284,1875.9435,1851.8345000000002,1720.2245833333334,1803.1609713024282
1683763200,1842.02,1840.83,1772.68,1794.31,522090.0939,944514699.580783,2023-05-11,1869.7571428571428,1873.22,1855.4008333333334,1723.5989166666666,1800.6784768211924
1683849600,1818.63,1794.31,1740.0,1806.4,565283.7326,1001641593.77315,2023-05-12,1843.0557142857144,1869.8319999999999,1857.6166666666666,1726.8529166666667,1798.3280794701986
1683936000,1817.03,1807.45,1785.23,1795.13,212828.2333,383276686.826668,2023-05-13,1828.5457142857142,1866.4885,1859.2121666666667,1729.719,1795.823399558499
1684022400,1824.0,1795.12,1789.82,1799.33,218082.0921,393523466.08411,2023-05-14,1818.6014285714284,1864.363,1861.7016666666668,1731.7975833333335,1792.7677924944815
1684108800,1846.7,1799.2,1785.05,1816.2,388151.7556,707974998.34276,2023-05-15,1814.1271428571429,1861.868,1864.0761666666667,1733.9949166666665,1789.8845695364237
1684195200,1832.64,1816.21,1796.2,1824.1,310953.4385,564846964.558199,2023-05-16,1810.9242857142858,1859.7825,1864.6566666666668,1736.0545833333333,1787.5274613686533
1684281600,1837.5,1824.21,1783.68,1821.93,352091.3527,637764875.269488,2023-05-17,1808.2000000000003,1855.4214999999997,1865.7081666666668,1738.1909166666667,1785.4136644591613
1684368000,1831.92,1822.12,1771.12,1800.79,293646.5324,531161318.032628,2023-05-18,1809.1257142857141,1850.9035,1866.0433333333333,1740.60225,1783.2881898454748
1684454400,1829.54,1800.56,1796.81,1812.31,243109.8145,440279674.821933,2023-05-19,1809.9699999999998,1846.1335000000004,1867.3688333333334,1742.7790833333333,1781.500816777042
1684540800,1828.87,1812.31,1807.06,1819.66,127675.4279,231866826.209089,2023-05-20,1813.4742857142858,1843.3524999999997,1867.676,1744.1219166666667,1779.8488079470198
1684627200,1828.98,1819.42,1797.21,1804.35,161478.8767,292465364.761118,2023-05-21,1814.1914285714286,1842.0039999999997,1868.843,1745.6026666666667,1778.0122958057393
1684713600,1828.27,1804.91,1792.01,1817.26,237498.4547,430672491.800203,2023-05-22,1814.3428571428572,1839.3799999999999,1868.9008333333331,1747.1844999999998,1776.3291832229581
1684800000,1872.5,1817.36,1815.24,1854.08,396807.3967,734466129.366838,2023-05-23,1818.6257142857141,1836.846,1870.6426666666666,1749.08275,1774.690949227373
1684886400,1854.09,1854.06,1777.6,1800.0,420737.18,761164228.843491,2023-05-24,1815.4928571428572,1832.9920000000002,1871.6113333333333,1751.1163333333332,1772.5530022075056
1684972800,1818.81,1799.89,1761.41,1805.66,350625.8056,628756345.821118,2023-05-25,1816.1885714285713,1823.6094999999998,1872.141,1752.7306666666668,1770.403311258278
1685059200,1838.2,1805.61,1796.99,1828.33,275440.584,501316731.625483,2023-05-26,1818.4771428571428,1820.191,1874.0261666666668,1754.6243333333332,1768.6627814569536
1685145600,1836.12,1827.8,1812.18,1830.14,138663.6612,253414990.746974,2023-05-27,1819.9742857142858,1818.2509999999997,1874.9786666666666,1756.5620000000001,1766.2548123620309
1685232000,1918.65,1829.89,1823.6,1908.28,378392.0879,705699219.730005,2023-05-28,1834.8214285714287,1821.289,1876.8988333333332,1759.3635,1763.8970860927152
1685318400,1927.62,1908.64,1873.65,1892.59,313592.0743,596233461.608886,2023-05-29,1845.5828571428572,1823.5925,1878.5485,1761.4290833333334,1761.5688079470196
1685404800,1917.0,1892.6,1881.19,1900.58,272609.5703,518952250.642296,2023-05-30,1852.2257142857143,1826.5715,1879.8661666666667,1764.2155833333334,1759.5083002207505
1685491200,1907.13,1900.58,1846.95,1873.62,319238.9857,597329326.411869,2023-05-31,1862.7428571428572,1830.5369999999998,1880.7466666666664,1766.6179999999997,1757.8560264900664
1685577600,1889.2,1873.63,1840.0,1861.52,270385.6764,504241711.021311,2023-06-01,1870.722857142857,1833.2930000000001,1881.8635,1768.45,1756.0820088300222
1685664000,1910.0,1861.78,1847.51,1906.5,312839.2189,590855144.093234,2023-06-02,1881.8899999999999,1838.8615000000002,1883.4633333333334,1770.6448333333333,1754.6586313465787
1685750400,1907.92,1906.69,1881.6,1892.05,148817.6028,282549179.22042,2023-06-03,1890.734285714286,1843.4975,1883.8246666666666,1772.54925,1753.3361810154524
1685836800,1914.63,1892.05,1884.22,1890.01,172680.812,328162741.228018,2023-06-04,1888.1242857142856,1847.188,1883.5133333333333,1774.4128333333333,1751.8219205298012
1685923200,1890.63,1890.0,1778.0,1811.24,555233.1819,1017457699.34185,2023-06-05,1876.5028571428572,1846.5449999999996,1882.4938333333334,1775.9313333333334,1749.8004194260484
1686009600,1898.29,1810.49,1797.18,1884.16,491160.0554,907194582.989422,2023-06-06,1874.1571428571428,1849.6565000000003,1882.8345000000002,1778.1802500000001,1748.2054083885212
1686096000,1897.8,1884.65,1821.18,1832.2,429068.5246,796621832.523653,2023-06-07,1868.2399999999998,1851.227,1882.5575,1779.5233333333335,1746.6057174392936
1686182400,1861.28,1832.12,1828.31,1845.64,189254.9835,349131774.308866,2023-06-08,1865.9714285714288,1852.8934999999997,1882.3361666666667,1781.1500833333334,1745.0093377483443
1686268800,1855.0,1845.65,1827.0,1840.37,198302.6884,364997959.903675,2023-06-09,1856.5242857142857,1853.929,1881.1723333333332,1783.6085833333334,1743.5186534216334
1686355200,1844.99,1840.37,1715.03,1751.57,652284.5186,1148241829.12438,2023-06-10,1836.455714285714,1851.2900000000002,1878.8675,1785.5961666666667,1741.6691169977926
1686441600,1778.25,1751.52,1738.72,1753.0,219926.6815,385604729.29491,2023-06-11,1816.8828571428571,1848.077,1876.1276666666668,1787.3835833333333,1739.760220750552
1686528000,1759.33,1752.77,1720.0,1742.57,302049.3681,525322674.527716,2023-06-12,1807.072857142857,1842.5014999999999,1871.637,1789.281416666667,1737.483752759382
1686614400,1770.13,1742.57,1724.22,1739.34,284135.7321,495677766.50452,2023-06-13,1786.3842857142856,1839.4684999999997,1865.6261666666664,1791.23225,1735.1160264900661
1686700800,1750.03,1740.12,1630.43,1650.94,415842.4773,705578383.633173,2023-06-14,1760.49,1831.7325,1858.2984999999999,1792.0258333333334,1732.2728035320088
1686787200,1680.91,1650.95,1626.01,1667.24,370501.8844,611044870.392253,2023-06-15,1735.0042857142855,1823.6779999999999,1850.7746666666667,1791.9618333333333,1729.4392494481235
1686873600,1729.5,1666.96,1649.86,1718.04,311700.9287,525335436.985546,2023-06-16,1717.5285714285715,1818.0729999999999,1844.8419999999999,1792.6301666666666,1726.9153200883002
1686960000,1770.0,1717.91,1714.26,1727.76,210896.7869,366912847.070094,2023-06-17,1714.127142857143,1809.047,1838.5796666666668,1792.9125833333335,1724.3496026490066
1687046400,1747.84,1727.75,1712.0,1720.95,156529.2837,270939113.883486,2023-06-18,1709.5485714285714,1800.4649999999997,1835.0333333333333,1793.157,1721.5931125827815
1687132800,1752.19,1720.95,1698.0,1737.11,245162.0448,422825965.309007,2023-06-19,1708.7685714285715,1792.2914999999998,1831.6021666666668,1793.635,1718.7258057395145
1687219200,1796.99,1737.1,1714.72,1791.56,328811.9325,577450872.874665,2023-06-20,1716.2285714285715,1788.1885000000002,1830.6485,1794.3707500000003,1715.8136644591614
1687305600,1901.0,1791.99,1787.38,1890.0,613402.5944,1131710232.94498,2023-06-21,1750.3799999999999,1789.6125,1830.9125,1796.2894166666667,1713.137858719647
1687392000,1933.17,1889.1,1865.98,1872.39,416485.7218,790627497.948128,2023-06-22,1779.687142857143,1787.907,1831.0856666666666,1798.1998333333331,1710.3285651214128
1687478400,1936.42,1872.0,1861.01,1891.41,400998.4743,760069671.16043,2023-06-23,1804.4542857142858,1787.875,1831.9118333333333,1800.2071666666666,1707.2286975717439
1687564800,1906.0,1892.63,1864.77,1874.95,226907.3755,427716005.507654,2023-06-24,1825.4814285714285,1787.122,1832.0593333333334,1802.4334166666667,1704.010220750552
1687651200,1930.0,1874.95,1868.83,1898.8,338756.7556,644413896.698008,2023-06-25,1850.8885714285716,1791.5,1832.6091666666666,1804.968583333333,1700.695187637969
1687737600,1909.1,1898.8,1837.18,1859.35,458606.3459,859281498.542536,2023-06-26,1868.3514285714284,1790.2594999999997,1831.7791666666665,1806.7851666666668,1697.3255629139073
1687824000,1912.53,1858.97,1855.19,1889.59,366632.9054,690852840.314218,2023-06-27,1882.3557142857142,1793.1290000000001,1831.7531666666666,1808.9196666666664,1694.2528918322298
1687910400,1890.19,1889.58,1816.56,1828.03,337835.6436,626356792.291328,2023-06-28,1873.5028571428572,1792.2485000000001,1830.4251666666669,1810.7763333333335,1690.6608830022076
1687996800,1880.0,1828.03,1827.84,1851.91,241807.07,448608397.525673,2023-06-29,1870.577142857143,1792.8255000000001,1830.0356666666667,1812.3320833333335,1687.1468432671081
1688083200,1948.6,1851.99,1825.01,1933.0,716448.1406,1353456493.22061,2023-06-30,1876.5185714285712,1801.8970000000002,1831.7303333333334,1814.70825,1683.639315673289
1688169600,1944.56,1933.8,1909.44,1924.23,178325.2688,343001191.241455,2023-07-01,1883.5585714285714,1810.4585,1832.6385,1817.6647500000001,1680.1177483443707
1688256000,1959.2,1924.5,1885.75,1933.18,250429.1049,481486693.121318,2023-07-02,1888.4699999999998,1819.989,1833.1121666666666,1820.7185,1676.8643046357618
1688342400,1976.16,1937.49,1933.55,1954.32,321702.6225,630377259.349425,2023-07-03,1902.037142857143,1830.738,1834.3995,1823.9663333333335,1674.1839735099336
1688428800,1967.08,1955.55,1931.58,1939.88,204331.6891,398875293.238359,2023-07-04,1909.2214285714288,1845.1850000000002,1833.5090000000002,1827.0833333333333,1671.3422295805738
1688515200,1942.5,1936.19,1894.51,1910.27,267551.8954,512618282.355419,2023-07-05,1920.97,1857.3365000000001,1833.7351666666666,1829.9859166666668,1668.5119426048566
1688601600,1958.0,1910.35,1849.0,1852.0,453994.4715,863632162.364537,2023-07-06,1920.9828571428573,1864.0345000000002,1833.4528333333333,1832.6494166666666,1665.406931567329
1688688000,1878.0,1846.17,1826.0,1870.91,232921.9629,432691502.993668,2023-07-07,1912.1128571428574,1871.1920000000002,1833.8426666666667,1836.2626666666667,1662.466247240618
1688774400,1876.0,1870.92,1842.8,1865.25,125819.4042,234000391.619455,2023-07-08,1903.687142857143,1878.4070000000004,1834.1548333333333,1839.9194166666668,1660.006004415011
1688860800,1879.36,1865.24,1856.15,1862.39,134944.7505,252000248.714642,2023-07-09,1893.5742857142857,1884.6710000000003,1834.5113333333331,1843.1729166666667,1657.4336644591613
1688947200,1863.13,1862.81,1846.63,1860.03,31895.0385,59147786.107908,2023-07-10,1880.1042857142859,1888.0945,1835.6066666666666,1845.5037499999999,1654.6560706401765
1689033600,1891.99,1880.41,1862.38,1877.93,177620.1138,333055341.86141,2023-07-11,1871.2542857142855,1887.491,1836.7988333333335,1847.20775,1652.1305739514348
1689120000,1902.0,1878.31,1864.37,1872.22,264373.7476,498505733.15707,2023-07-12,1865.8185714285714,1887.4825,1838.0836666666667,1848.6479166666666,1649.5514569536422
1689206400,2012.63,1871.82,1862.59,2003.2,547525.989,1066824534.8765,2023-07-13,1887.4185714285716,1893.0720000000001,1841.4815,1851.5915833333333,1647.2201103752761
1689292800,2029.11,2004.49,1898.39,1938.19,498678.4934,982281613.441521,2023-07-14,1897.03,1896.234,1843.5146666666667,1853.7954166666668,1644.9025165562914
1689379200,1946.37,1937.82,1926.23,1931.42,135180.5357,261551584.36779,2023-07-15,1906.482857142857,1897.8650000000002,1845.3033333333333,1854.98,1642.4209713024284
1689465600,1943.55,1931.41,1914.0,1922.11,148665.5567,286784464.258737,2023-07-16,1915.0142857142857,1901.0030000000002,1846.9730000000002,1856.3405833333334,1639.8168653421635
1689552000,1936.18,1922.12,1873.26,1911.21,277158.2433,528660899.387249,2023-07-17,1922.3257142857142,1902.084,1848.8133333333333,1857.4283333333333,1637.2454966887417
1689638400,1917.19,1911.21,1875.73,1897.21,215779.4121,409581765.7573,2023-07-18,1925.08,1905.5430000000001,1850.2283333333332,1858.7985833333335,1634.8473289183225
1689724800,1922.04,1897.21,1882.17,1890.24,217762.2181,414733900.541452,2023-07-19,1927.6542857142856,1907.4594999999997,1851.4046666666666,1859.5403333333334,1632.4805518763799
1689811200,1929.05,1888.64,1878.0,1891.4,292799.5372,556777212.119316,2023-07-20,1911.6828571428573,1905.3794999999998,1852.8555000000001,1860.84925,1630.1811479028697
1689897600,1905.74,1891.59,1884.64,1891.82,165324.679,312980261.584324,2023-07-21,1905.0585714285714,1903.759,1854.0981666666667,1861.4995000000001,1627.9092273730685
1689984000,1897.35,1891.73,1851.18,1858.08,128544.4453,241565243.511526,2023-07-22,1894.5814285714284,1900.0040000000001,1854.1648333333333,1862.40375,1625.3738189845474
1690070400,1905.25,1866.52,1857.82,1888.83,153492.1182,288719582.530041,2023-07-23,1889.8271428571427,1896.7295000000001,1855.6453333333334,1863.6283333333333,1623.341059602649
1690156800,1890.86,1888.74,1833.19,1850.31,276316.1552,512054362.641414,2023-07-24,1881.127142857143,1892.2509999999997,1856.3895,1864.2652500000002,1621.048233995585
1690243200,1868.71,1850.0,1845.45,1858.64,151925.7433,282091853.151113,2023-07-25,1875.6171428571429,1889.6695,1856.8946666666666,1865.4604166666666,1618.6679028697572
1690329600,1888.0,1857.66,1848.35,1871.75,272010.9056,506900290.157353,2023-07-26,1872.9757142857143,1890.657,1857.5881666666667,1866.2834166666664,1616.5809713024285
1690416000,1886.11,1871.99,1854.84,1860.62,163691.6678,306324455.159562,2023-07-27,1868.5785714285714,1890.1425,1856.7938333333334,1866.8463333333334,1614.669183222958
1690502400,1883.39,1861.29,1856.52,1874.23,138680.5345,259200016.711556,2023-07-28,1866.0657142857144,1890.5914999999998,1856.4878333333334,1867.5181666666665,1612.5707726269313
1690588800,1886.58,1874.2,1869.54,1880.46,72865.6888,136673812.443199,2023-07-29,1869.2628571428572,1891.4949999999997,1856.1525,1868.0093333333332,1610.4160706401765
1690675200,1885.3,1880.45,1848.17,1861.79,158608.8041,296413396.167582,2023-07-30,1865.4,1891.5829999999999,1855.9553333333336,1868.3509999999999,1608.3853642384104
1690761600,1877.4,1861.79,1861.12,1871.9,84951.8154,158731363.409452,2023-07-31,1868.4842857142855,1891.2814999999998,1856.1283333333333,1868.9959166666665,1606.0261147902868
1690848000,1875.62,1856.13,1813.8,1874.81,357203.6863,656716792.13969,2023-08-01,1870.7942857142857,1891.4109999999996,1855.6001666666666,1869.5317499999999,1604.098609271523
1690934400,1879.74,1873.48,1841.13,1845.28,140415.3374,261415307.068177,2023-08-02,1867.0128571428572,1883.515,1854.8206666666667,1869.3226666666665,1602.2275938189846
1691020800,1859.12,1839.9,1826.0,1838.0,169550.5863,312145820.305082,2023-08-03,1863.7814285714287,1878.5055,1853.9538333333335,1868.7335833333334,1600.4674613686534
1691107200,1851.31,1835.81,1815.74,1828.4,186350.3016,342218305.673762,2023-08-04,1857.2342857142855,1873.3545,1854.2398333333333,1868.3668333333335,1598.9413907284768
1691193600,1839.0,1830.24,1827.5,1836.94,93172.0597,170792174.021113,2023-08-05,1851.017142857143,1869.096,1853.4528333333333,1868.1436666666668,1598.076909492274
1691280000,1838.58,1836.48,1825.86,1830.49,90292.8171,165498456.907381,2023-08-06,1846.5457142857142,1865.06,1853.4243333333332,1867.9909166666666,1596.947637969095
1691366400,1847.0,1830.28,1802.0,1826.56,222880.7896,406951045.808259,2023-08-07,1840.0685714285714,1861.5275000000001,1853.1063333333334,1867.7212499999998,1596.3771523178807
1691452800,1876.51,1829.1,1826.33,1856.99,234933.7514,434287980.45316,2023-08-08,1837.5228571428572,1859.8650000000002,1853.3833333333334,1867.2778333333333,1596.1492715231789
1691539200,1871.99,1856.3,1846.28,1858.08,190292.3165,353524616.955422,2023-08-09,1839.3514285714284,1858.199,1855.1585,1867.013,1595.814591611479
1691625600,1865.95,1855.36,1845.38,1851.52,126099.0577,233778572.594428,2023-08-10,1841.282857142857,1856.184,1856.8005,1866.4640833333333,1595.362141280353
1691712000,1857.26,1852.47,1838.05,1847.74,110998.3526,205148218.019859,2023-08-11,1844.0457142857142,1855.667,1858.5533333333333,1865.0951666666665,1594.7052980132448
1691798400,1854.01,1848.84,1846.08,1849.33,63119.0639,116785671.337248,2023-08-12,1845.8157142857142,1853.6919999999998,1860.3865,1863.0063333333335,1594.320463576159
1691884800,1862.0,1849.94,1846.0,1861.39,61961.6566,114724248.628706,2023-08-13,1850.23,1854.2459999999999,1863.894,1861.0962499999998,1593.814216335541
1691971200,1847.72,1840.73,1835.0,1847.71,35001.7163,64461359.982466,2023-08-14,1853.2514285714285,1853.6995,1866.9018333333333,1858.83825,1593.665430463576
1692057600,1847.36,1845.5,1814.0,1828.98,186081.6989,341622741.956271,2023-08-15,1849.25,1851.5610000000001,1868.7508333333333,1856.7964166666666,1593.2447461368654
1692144000,1831.52,1828.98,1798.17,1807.81,205430.7368,373631455.899558,2023-08-16,1842.0685714285717,1848.9204999999997,1870.0849999999998,1854.332333333333,1592.9108167770419
1692230400,1809.99,1807.81,1805.5,1808.41,4490.2689,8117856.487479,2023-08-17,1835.91,1845.6295000000002,1871.5426666666667,1853.288,1592.5429139072846
1692316800,1699.4,1681.49,1641.02,1661.59,538083.1018,901117750.717323,2023-08-18,1809.317142857143,1834.6860000000001,1870.2839999999999,1850.943083333333,1591.7005298013246
1692403200,1671.64,1661.6,1656.3,1659.0,36399.6625,60523607.365226,2023-08-19,1782.127142857143,1824.5465,1868.0746666666666,1849.361583333333,1591.0066666666667
1692489600,1694.75,1669.68,1662.03,1685.24,195623.5263,327342264.94863,2023-08-20,1756.962857142857,1815.2135000000003,1864.662,1847.78725,1590.357284768212
1692576000,1688.59,1685.23,1649.4,1667.55,250835.1518,418860905.067397,2023-08-21,1731.2257142857143,1804.8505,1861.248,1846.1668333333332,1589.7500441501102
1692662400,1669.38,1667.56,1580.0,1634.81,399833.6579,304654025.223608,2023-08-22,1703.4871428571428,1794.3269999999998,1856.9713333333334,1844.4415833333333,1589.4025386313465
1692748800,1702.11,1635.0,1629.05,1679.95,373724.2676,298552251.52819,2023-08-23,1685.2214285714285,1786.4244999999999,1853.7213333333334,1842.8903333333333,1589.2980794701984
1692835200,1683.37,1679.61,1635.28,1654.9,223718.5583,176372528.592675,2023-08-24,1663.2914285714285,1777.7495000000004,1849.6563333333334,1841.13275,1588.9949448123618
1692921600,1677.22,1661.16,1635.51,1654.23,235034.9738,189001369.577997,2023-08-25,1662.24,1768.614,1846.2376666666669,1839.0084166666668,1588.6430463576157
1693008000,1655.59,1653.79,1644.0,1646.71,78496.5718,60179437.46353,2023-08-26,1660.4842857142855,1759.425,1842.1896666666664,1836.9714166666668,1587.865849889625
1693094400,1660.24,1647.03,1646.32,1657.18,87088.8207,74167307.186561,2023-08-27,1656.4757142857143,1750.9559999999997,1839.3421666666666,1834.8836666666668,1587.2373289183224
1693180800,1664.34,1658.33,1621.75,1654.33,213062.3697,169693680.980421,2023-08-28,1654.587142857143,1740.8229999999999,1836.0491666666667,1833.042416666667,1586.8761368653422
1693267200,1745.84,1653.08,1640.0,1726.3,490788.189,425119440.667002,2023-08-29,1667.6571428571428,1734.234,1832.6041666666667,1832.16725,1586.6382119205298
1693353600,1730.93,1729.41,1694.34,1705.01,202010.9307,166172014.142176,2023-08-30,1671.2371428571428,1726.9085,1828.9505,1830.7945,1586.4834437086092
1693440000,1729.0,1705.23,1630.0,1646.0,329171.6986,265135472.297584,2023-08-31,1669.9657142857143,1716.8215,1824.1641666666667,1828.6381666666668,1586.1333774834438
1693526400,1654.53,1645.77,1602.33,1630.93,300001.0798,247398278.825578,2023-09-01,1666.6371428571426,1705.9015,1818.7743333333333,1826.5869166666666,1585.7464017660045
1693612800,1645.0,1629.13,1628.03,1636.89,101805.9617,82854933.310489,2023-09-02,1665.2342857142855,1694.6765,1813.7244999999998,1823.61675,1585.254238410596
1693699200,1647.5,1637.02,1625.14,1635.45,115975.1329,95912648.136431,2023-09-03,1662.1299999999999,1684.0634999999997,1809.1441666666667,1821.4396666666667,1584.8615673289185
1693785600,1644.82,1635.84,1616.32,1628.72,163461.8609,125381510.18473,2023-09-04,1658.4714285714285,1674.0505,1805.4228333333335,1819.4378333333334,1584.5013907284767
1693872000,1648.02,1630.52,1609.69,1633.63,203562.7708,149784320.288494,2023-09-05,1645.2328571428573,1665.3415,1801.4681666666665,1817.6554166666667,1584.1588300220749
1693958400,1670.0,1634.46,1609.2,1633.25,218995.6044,173177129.827063,2023-09-06,1634.9814285714288,1656.5835,1797.6015,1815.8781666666666,1584.0933554083886
1694044800,1660.0,1633.15,1623.4,1646.74,226750.4464,176448187.916601,2023-09-07,1635.087142857143,1655.841,1794.0073333333335,1814.2593333333332,1584.3446799116998
1694131200,1658.93,1648.11,1616.21,1636.89,221267.4428,179796677.00314,2023-09-08,1635.9385714285713,1654.7355,1790.2883333333334,1812.9475,1584.7907064017659
1694217600,1637.52,1636.43,1629.74,1635.3,58123.5309,43459501.90046,2023-09-09,1635.7114285714288,1652.2385000000002,1786.2445,1811.5216666666668,1585.7299558498896
1694304000,1635.7,1635.53,1600.0,1618.35,207493.6405,161594363.043397,2023-09-10,1633.2685714285715,1649.7785,1782.013333333333,1810.0485,1586.6338189845474
1694390400,1619.0,1617.42,1531.01,1550.25,416210.3499,316905088.851715,2023-09-11,1622.0585714285714,1645.5505,1774.4641666666664,1807.9728333333333,1587.3241721854304
1694476800,1626.0,1551.84,1549.67,1594.26,328284.4474,260122825.750717,2023-09-12,1616.4342857142856,1641.266,1768.732,1806.1233333333334,1588.4847902869758
1694563200,1619.3,1592.97,1581.88,1606.55,222965.0756,172206833.747346,2023-09-13,1612.6200000000001,1638.8485,1763.3175,1804.3104166666667,1589.6318322295806
1694649600,1644.29,1607.61,1607.05,1625.72,274450.0585,224841234.435323,2023-09-14,1609.6171428571429,1637.423,1758.3776666666665,1802.6753333333334,1591.0238631346579
1694736000,1654.08,1626.48,1611.42,1645.35,179618.0243,142346026.77817,2023-09-15,1610.8257142857144,1637.355,1753.9466666666667,1801.38,1592.1647461368655
1694822400,1653.17,1641.3,1631.31,1634.39,98994.6847,71490140.594853,2023-09-16,1610.695714285714,1636.2154999999998,1749.5663333333332,1799.8973333333333,1593.2820750551878
1694908800,1635.0,1634.4,1612.0,1619.88,118968.8424,85713654.416935,2023-09-17,1610.9142857142858,1634.493,1745.0603333333336,1798.2324999999998,1594.3726490066226
1694995200,1669.5,1622.48,1603.88,1636.88,278056.3725,226698383.075442,2023-09-18,1623.2900000000002,1630.0220000000002,1740.8183333333332,1796.8369166666666,1595.667770419426
1695081600,1661.04,1636.66,1626.32,1643.04,183536.3467,143570169.229039,2023-09-19,1630.2585714285717,1626.9235,1736.672,1795.3850833333336,1596.7678145695363
1695168000,1649.34,1643.13,1604.51,1622.78,230971.0286,177837366.091725,2023-09-20,1632.5771428571427,1625.7625,1732.7503333333334,1793.4575833333333,1597.6458719646798
1695254400,1625.3,1622.27,1567.77,1584.31,239685.8612,180853178.454297,2023-09-21,1626.6614285714288,1623.4315000000001,1727.675,1791.6601666666668,1598.4007284768213
1695340800,1602.68,1583.94,1576.58,1594.18,124309.0936,94965662.08288,2023-09-22,1619.3514285714284,1621.2959999999998,1723.4061666666669,1789.8978333333332,1599.2757615894038
1695427200,1598.24,1593.07,1587.45,1592.53,64042.9984,47059759.087821,2023-09-23,1613.3714285714286,1619.15,1718.9710000000002,1787.9328333333333,1600.15880794702
1695513600,1601.12,1593.85,1570.01,1579.51,135651.8386,109078071.698965,2023-09-24,1607.6042857142857,1616.6895,1714.1003333333333,1785.8442499999999,1601.120088300221
1695600000,1597.5,1580.71,1563.01,1587.72,175855.4842,135575220.818434,2023-09-25,1600.5814285714284,1614.394,1709.552,1783.1729166666667,1602.1962693156734
1695686400,1599.78,1588.34,1580.05,1594.01,125583.0161,95545795.235097,2023-09-26,1593.5771428571427,1612.432,1704.8816666666667,1780.68475,1603.3507947019868
1695772800,1634.1,1594.02,1583.5,1598.43,273226.4373,208406736.751305,2023-09-27,1590.0985714285714,1610.0165,1700.1811666666667,1778.1668333333334,1604.539977924945
1695859200,1668.21,1598.63,1598.14,1653.34,330469.3352,262854403.306452,2023-09-28,1599.9599999999998,1610.839,1696.7069999999999,1776.3311666666668,1605.8343046357618
1695945600,1688.0,1653.0,1648.37,1667.97,251489.8572,198689840.792668,2023-09-29,1610.5014285714285,1612.4725,1693.3081666666667,1774.7182500000001,1607.1449227373068
1696032000,1694.32,1667.45,1666.19,1671.04,136312.961,124546856.715532,2023-09-30,1621.717142857143,1615.107,1689.912,1772.7560833333332,1608.2929139072849
1696118400,1751.0,1670.89,1668.0,1733.96,223407.1723,191861317.712289,2023-10-01,1643.7814285714285,1624.2925,1688.0566666666666,1771.4386666666667,1609.6206401766005
1696204800,1744.0,1733.8,1636.79,1664.81,377556.1057,307624440.079227,2023-10-02,1654.794285714286,1627.8200000000002,1685.1701666666665,1769.5620000000001,1610.6763576158942
1696291200,1670.65,1662.41,1643.0,1656.76,197930.2697,155105040.967322,2023-10-03,1663.7585714285717,1630.3305,1682.3095,1768.2746666666667,1611.6018984547459
1696377600,1657.66,1656.88,1625.0,1648.04,222258.0511,172925225.626289,2023-10-04,1670.8457142857144,1631.4465,1679.1611666666665,1766.307,1612.5599558498898
1696464000,1655.47,1646.58,1606.73,1612.38,236562.9371,179950565.202507,2023-10-05,1664.9942857142855,1629.798,1675.5260000000003,1764.4751666666666,1613.432715231788
1696550400,1662.0,1611.79,1611.68,1645.02,220063.6774,178921610.516339,2023-10-06,1661.7157142857143,1630.3295,1672.5003333333332,1762.8033333333333,1614.484944812362
1696636800,1647.71,1645.03,1630.03,1633.9,100924.3582,76727534.928399,2023-10-07,1656.4099999999999,1631.0305,1668.7821666666669,1761.0827500000003,1615.6714790286976
1696723200,1641.4,1633.56,1616.17,1633.33,149001.8529,118341509.261894,2023-10-08,1642.034285714286,1630.8529999999998,1665.0363333333335,1760.0974166666667,1616.9843929359822
1696809600,1636.0,1632.85,1546.0,1579.84,339636.682,265177175.35195,2023-10-09,1629.8957142857141,1627.6929999999998,1660.5083333333334,1758.6544166666667,1618.0105298013243
1696896000,1594.9,1580.13,1550.55,1567.28,240256.9021,192670266.129755,2023-10-10,1617.112857142857,1624.9180000000001,1655.834,1757.1936666666666,1618.8358278145695
1696982400,1578.43,1567.62,1544.26,1565.12,259913.0772,210347464.805194,2023-10-11,1605.2671428571427,1623.9585,1651.0971666666667,1755.7418333333333,1619.5728476821191
1697068800,1568.56,1566.86,1521.0,1537.4,235849.4474,169500354.18463,2023-10-12,1594.5557142857142,1621.1195,1645.6973333333335,1754.7956666666666,1619.9736203090508
1697155200,1575.36,1539.61,1537.76,1551.2,191892.7248,143038098.639801,2023-10-13,1581.152857142857,1619.0529999999999,1640.7555,1753.8286666666668,1620.442825607064
1697241600,1561.72,1552.16,1544.55,1555.09,100190.5691,64558705.529904,2023-10-14,1569.8942857142854,1617.8319999999999,1636.1906666666666,1752.47075,1620.3855408388522
1697328000,1567.62,1554.94,1547.44,1557.36,120075.2865,89677681.729606,2023-10-15,1559.0414285714287,1616.3139999999999,1632.0165000000002,1751.0507499999999,1620.4187417218545
1697414400,1639.43,1557.78,1555.06,1600.56,417980.6668,342708261.977271,2023-10-16,1562.0014285714285,1616.6415000000002,1628.5523333333333,1750.0475000000001,1620.5930905077262
1697500800,1600.53,1599.41,1551.08,1565.27,233943.4135,167229288.953487,2023-10-17,1561.7142857142858,1614.9835,1626.9470000000001,1748.6154999999999,1620.5706181015453
1697587200,1585.42,1565.01,1555.88,1563.82,177596.5688,138166823.195666,2023-10-18,1561.5285714285715,1610.5075000000002,1625.3606666666667,1746.7176666666667,1620.633642384106
1697673600,1574.45,1563.45,1541.61,1567.0,215816.1946,158346033.515605,2023-10-19,1565.7571428571428,1605.459,1623.3899999999999,1744.026,1620.6741059602648
1697760000,1630.4,1566.57,1561.19,1603.66,315713.7859,254320915.225336,2023-10-20,1573.2514285714285,1602.09,1622.3251666666665,1741.7865833333335,1620.6872626931568
1697846400,1644.53,1603.88,1592.36,1628.86,176139.6389,144505984.623548,2023-10-21,1583.7900000000002,1596.835,1622.2259999999999,1739.5986666666665,1621.1024282560704
1697932800,1667.8,1628.94,1621.1,1662.93,227680.6858,177432281.64212,2023-10-22,1598.8714285714286,1596.741,1621.9423333333334,1737.8318333333334,1621.5744150110374
1698019200,1800.0,1663.69,1657.07,1764.11,607990.3441,514708239.709109,2023-10-23,1622.2357142857143,1602.1084999999998,1623.7625,1736.7094166666668,1621.8577924944811
1698105600,1854.38,1765.47,1756.21,1782.57,673454.7624,606196628.190702,2023-10-24,1653.2785714285712,1608.8349999999998,1625.9015,1736.0695833333334,1621.9859381898455
1698192000,1817.69,1784.98,1760.0,1784.62,354210.954,317776965.863274,2023-10-25,1684.8214285714287,1617.4470000000001,1628.2,1735.1948333333335,1622.1248785871967
1698278400,1865.54,1787.15,1762.21,1803.5,430725.0396,391442172.81608,2023-10-26,1718.607142857143,1625.371,1630.6386666666665,1734.9904166666668,1622.359977924945
1698364800,1803.91,1803.39,1744.66,1779.52,274222.8322,244108119.859067,2023-10-27,1743.73,1632.652,1632.7251666666666,1734.3871666666666,1622.5838189845474
1698451200,1803.23,1779.41,1770.0,1776.2,122510.175,106073459.392903,2023-10-28,1764.7785714285712,1639.7954999999997,1633.556833333333,1733.0805,1622.9059381898455
1698537600,1811.3,1776.21,1762.66,1795.58,143563.6569,121589770.726704,2023-10-29,1783.7285714285713,1650.5825,1635.0663333333332,1732.0084166666666,1623.2694481236201
1698624000,1829.84,1795.14,1777.77,1808.94,277199.9893,243185201.431221,2023-10-30,1790.1328571428571,1662.6654999999998,1637.782,1730.9730833333333,1623.6905960264903
1698710400,1819.41,1809.03,1780.99,1815.91,257549.5875,215787571.85942,2023-10-31,1794.8957142857143,1675.205,1640.8650000000002,1729.8196666666665,1624.149646799117
1698796800,1857.66,1814.67,1783.19,1845.31,471360.0749,427304406.175084,2023-11-01,1803.5657142857142,1690.6004999999998,1644.3386666666668,1729.0315833333334,1624.389161147903
1698883200,1875.0,1846.99,1785.01,1800.01,368404.6003,339434247.413127,2023-11-02,1803.0671428571427,1703.041,1647.081333333333,1728.11275,1624.630684326711
1698969600,1834.58,1800.79,1777.11,1833.57,314242.9446,267328775.49046,2023-11-03,1810.7885714285712,1716.9650000000001,1650.4955,1727.9591666666668,1624.9251214128035
1699056000,1869.9,1832.7,1824.03,1855.28,171115.1815,167055212.662446,2023-11-04,1822.0857142857144,1731.861,1654.1896666666667,1727.8289166666666,1625.0978145695362
1699142400,1912.67,1855.54,1846.11,1893.52,382034.4304,719478958.118079,2023-11-05,1836.077142857143,1746.509,1658.5275000000001,1728.0645,1625.518918322296
1699228800,1914.23,1891.71,1868.48,1898.49,327518.7798,308208446.326826,2023-11-06,1848.8700000000001,1763.17,1662.7233333333331,1728.3653333333334,1625.6180794701986
1699315200,1906.99,1900.95,1850.32,1886.56,332092.614,295379847.05454,2023-11-07,1858.962857142857,1779.307,1666.8845,1728.5864166666665,1625.6321412803532
1699401600,1904.69,1885.26,1872.51,1891.03,245592.768,235566441.359975,2023-11-08,1865.4942857142858,1795.5085,1671.1466666666668,1728.6955833333334,1625.4836865342163
1699488000,2131.68,1888.11,1882.07,2125.99,1094993.0697,1146581763.77282,2023-11-09,1912.0628571428572,1821.625,1679.6073333333334,1730.8103333333336,1625.7981236203088
1699574400,2136.99,2121.33,2064.61,2077.9,554496.5859,567992054.15082,2023-11-10,1946.967142857143,1844.077,1688.4015000000002,1731.4328333333333,1626.1128918322297
1699660800,2089.6,2077.72,2030.3,2052.65,370060.8194,363712424.820943,2023-11-11,1975.162857142857,1863.563,1696.0413333333333,1732.3866666666665,1626.4519426048564
1699747200,2066.5,2053.16,2012.1,2045.46,281245.3931,290835492.646805,2023-11-12,1996.8685714285714,1877.6305,1703.3565,1733.3369999999998,1626.8245474613686
1699833600,2118.0,2044.69,2028.49,2058.07,527473.4561,540170152.816197,2023-11-13,2019.6657142857143,1891.4055,1710.5623333333335,1734.47,1627.3186313465785
1699920000,2064.96,2053.65,1936.6,1980.99,480835.9244,458606355.941295,2023-11-14,2033.1557142857143,1901.2239999999997,1716.1563333333334,1735.0515000000003,1627.6157615894042
1700006400,2062.4,1979.4,1967.01,2057.26,420645.3198,429250825.459885,2023-11-15,2056.902857142857,1913.9119999999998,1723.2041666666667,1736.3852499999998,1628.60527593819
1700092800,2090.4,2058.49,1939.1,1962.65,543544.4219,520105858.233981,2023-11-16,2033.5685714285714,1923.0685,1728.917,1736.9886666666666,1629.458719646799
1700179200,1991.5,1961.77,1904.0,1956.15,400363.1411,370384589.931005,2023-11-17,2016.1757142857143,1932.066,1734.2381666666668,1737.52825,1630.2049006622515
1700265600,1971.22,1960.82,1916.0,1961.39,278730.7038,244473265.134058,2023-11-18,2003.1385714285716,1940.3565000000003,1739.544,1738.108,1630.9482339955848
1700352000,2015.75,1962.59,1942.89,2010.11,248732.7202,246310532.108151,2023-11-19,1998.0885714285712,1950.4150000000002,1745.9995000000001,1739.3749166666669,1631.709161147903
1700438400,2066.4,2011.47,1990.0,2021.08,421296.4693,410142597.185137,2023-11-20,1992.804285714286,1960.6735,1753.279,1740.4769999999999,1632.5138410596028
1700524800,2034.6,2021.41,1931.43,1943.25,486111.1439,450972338.767211,2023-11-21,1987.412857142857,1965.5705000000003,1759.0968333333333,1741.2514999999999,1633.0616114790287
1700611200,2092.46,1933.01,1928.41,2064.57,465060.5036,465737701.368394,2023-11-22,1988.457142857143,1978.7985,1766.9641666666664,1742.9675833333336,1634.2898454746135
1700697600,2088.94,2063.22,2040.35,2061.42,250690.8388,257902902.074178,2023-11-23,2002.567142857143,1990.191,1774.9959999999999,1744.5481666666667,1635.5489183222958
1700784000,2133.02,2062.21,2059.37,2079.8,426625.916,438895090.84087,2023-11-24,2020.2314285714285,2001.417,1783.1973333333333,1746.3746666666666,1636.9905077262692
1700870400,2090.54,2080.84,2065.3,2084.2,138593.9383,143314781.685124,2023-11-25,2037.7757142857142,2010.9510000000002,1791.3671666666667,1748.1244166666665,1638.165783664459
1700956800,2094.99,2083.1,2036.42,2064.54,240438.7515,245136198.993181,2023-11-26,2045.5514285714285,2019.2535,1799.1356666666666,1749.6584166666667,1639.3577262693154
1701043200,2071.24,2062.34,1985.78,2028.37,325518.2134,322875411.279798,2023-11-27,2046.5928571428572,2026.3439999999998,1805.3861666666667,1751.0465833333333,1640.4046799116998
1701129600,2075.0,2027.5,1995.15,2047.75,282940.2881,298395135.931367,2023-11-28,2061.5214285714287,2034.1799999999998,1811.7158333333332,1752.512,1641.4236423841057
1701216000,2075.7,2048.14,2019.31,2026.56,254360.8998,257085696.849419,2023-11-29,2056.0914285714284,2029.2085000000002,1817.6411666666668,1753.7765833333333,1642.4196909492273
1701302400,2054.75,2028.8,2020.85,2052.15,243175.303,250798021.39404,2023-11-30,2054.7671428571425,2027.9209999999998,1822.9443333333334,1755.5005000000003,1643.5117218543048
1701388800,2110.87,2051.95,2045.04,2085.0,372056.1782,403629610.932345,2023-12-01,2055.5099999999998,2029.5384999999999,1829.9475,1757.5588333333335,1644.628101545254
1701475200,2186.6,2087.24,2086.25,2165.43,320350.7284,377682674.176627,2023-12-02,2067.1142857142854,2035.5369999999998,1838.4253333333331,1760.3674166666667,1645.8369977924942
1701561600,2217.27,2164.75,2149.0,2190.33,253496.5528,288597279.169236,2023-12-03,2085.0842857142857,2042.15,1847.4635,1763.312333333333,1647.2306401766004
1701648000,2274.28,2192.96,2191.0,2238.0,560398.802,624711046.013687,2023-12-04,2115.0314285714285,2055.0005,1857.8905,1766.70825,1648.5728035320087
1701734400,2309.72,2243.36,2188.33,2294.29,527876.7288,609070242.629315,2023-12-05,2150.2514285714283,2066.852,1868.7116666666668,1770.606,1650.0273730684326
1701820800,2312.23,2293.33,2220.0,2232.43,404908.9846,453335607.951654,2023-12-06,2179.6614285714286,2080.341,1878.6871666666666,1773.7346666666667,1651.162472406181
1701907200,2382.8,2232.7,2222.0,2352.41,480930.6999,576779725.069765,2023-12-07,2222.555714285714,2100.1539999999995,1890.6718333333333,1777.8540833333332,1652.439050772627
1701993600,2392.0,2355.74,2336.34,2361.43,373537.3614,439201632.693564,2023-12-08,2262.0457142857144,2120.156,1903.6983333333333,1782.1033333333332,1653.7532229580572
1702080000,2403.0,2358.71,2328.01,2335.82,284019.1995,333273443.839834,2023-12-09,2286.387142857143,2136.4415,1916.5073333333335,1786.1706666666666,1655.1206622516556
1702166400,2377.47,2340.48,2320.0,2349.22,197901.5845,229247897.799387,2023-12-10,2309.085714285714,2152.8485,1929.5756666666668,1790.3364166666665,1656.831081677704
1702252800,2355.0,2352.39,2156.62,2222.37,636433.0406,685811821.458676,2023-12-11,2306.852857142857,2166.8045,1940.9918333333333,1793.3445833333333,1658.1202207505519
1702339200,2244.12,2225.11,2166.0,2205.1,354183.4623,380070784.055776,2023-12-12,2294.111428571429,2173.8309999999997,1951.8901666666668,1796.3228333333332,1659.7368874172184
1702425600,2284.02,2203.47,2144.32,2259.87,414966.4185,454103109.03872,2023-12-13,2298.0314285714285,2183.7535,1963.6365,1799.9135833333335,1661.560220750552
1702512000,2332.11,2260.16,2228.2,2318.61,406675.9279,453124159.14989,2023-12-14,2293.2028571428573,2195.6940000000004,1976.324,1804.1702500000001,1663.4361147902869
1702598400,2317.81,2315.32,2200.0,2222.12,329832.2777,353274387.331637,2023-12-15,2273.3014285714285,2202.5899999999997,1986.6833333333334,1807.6178333333335,1665.3955187637966
1702684800,2263.4,2220.51,2210.0,2227.39,197754.4648,228064913.943374,2023-12-16,2257.8114285714287,2210.7324999999996,1997.7186666666666,1812.3328333333334,1667.2750110375275
1702771200,2248.68,2228.96,2191.5,2198.98,222221.4013,241315917.872507,2023-12-17,2236.348571428571,2219.263,2008.3046666666667,1816.8326666666667,1669.2088962472405
1702857600,2224.0,2196.53,2116.6,2213.97,360936.7312,397790094.966497,2023-12-18,2235.1485714285714,2227.574,2019.0875,1821.23875,1671.3461810154527
1702944000,2255.0,2219.44,2135.55,2177.29,381884.2574,438449603.78589,2023-12-19,2231.175714285714,2235.1105,2028.6480000000001,1825.4865833333336,1673.2243929359825
1703030400,2266.0,2177.9,2156.0,2197.16,413824.7362,478473717.653176,2023-12-20,2222.217142857143,2242.361,2038.1196666666667,1830.1728333333333,1675.14472406181
1703116800,2279.31,2202.17,2182.98,2235.79,449182.5829,511795761.512701,2023-12-21,2210.385714285714,2249.9005,2047.6673333333333,1834.8048333333331,1677.172671081678
1703203200,2343.15,2239.6,2230.59,2323.47,589222.1147,696236911.475789,2023-12-22,2224.8642857142854,2257.8025000000002,2056.99,1840.37625,1679.4438410596028
1703289600,2330.65,2324.54,2265.0,2312.32,250673.4025,282367255.592296,2023-12-23,2236.997142857143,2263.902,2065.8191666666667,1845.8603333333333,1681.5986975717437
1703376000,2326.19,2308.2,2245.0,2269.26,305009.7899,339056066.580258,2023-12-24,2247.037142857143,2265.465,2073.8965000000003,1851.04825,1683.6764900662251
1703462400,2304.8,2264.04,2253.1,2273.73,283737.7553,321559985.865528,2023-12-25,2255.574285714286,2264.437,2081.7336666666665,1856.1861666666666,1685.743885209713
1703548800,2274.99,2271.36,2178.45,2227.02,407696.6954,452073678.640231,2023-12-26,2262.6785714285716,2264.1665000000003,2089.192,1860.9585833333333,1687.7114790286973
1703635200,2392.44,2230.88,2211.88,2377.47,536767.2808,631278874.064244,2023-12-27,2288.4371428571426,2265.4195,2099.213166666667,1866.385,1690.0266004415012
1703721600,2445.8,2378.35,2335.0,2355.5,576942.4397,680542993.798984,2023-12-28,2305.5385714285717,2265.123,2108.545166666667,1871.80575,1692.3305960264902
1703808000,2385.41,2344.15,2255.34,2296.8,446733.3076,511784177.782017,2023-12-29,2301.7285714285713,2263.172,2116.6761666666666,1877.2290833333332,1694.5824282560707
1703894400,2322.84,2299.2,2268.0,2294.0,209445.4399,238649410.323184,2023-12-30,2299.1114285714284,2260.411,2124.644333333333,1882.7546666666667,1696.7257174392937
1703980800,2321.34,2291.68,2258.88,2279.71,220653.4999,249441719.540935,2023-12-31,2300.6042857142857,2263.278,2131.8843333333334,1888.1115,1698.752693156733
1704067200,2350.96,2281.87,2265.24,2345.7,213612.7209,255069325.568043,2024-01-01,2310.8857142857146,2270.308,2140.9791666666665,1894.03025,1700.9458498896247
1704153600,2431.3,2352.05,2341.0,2357.0,454091.4107,528433630.991769,2024-01-02,2329.4542857142856,2275.1645,2149.703,1900.09925,1703.1642604856513
1704240000,2385.45,2355.35,2100.0,2207.01,796418.2885,899968326.526477,2024-01-03,2305.1028571428574,2269.5845,2155.5651666666668,1904.8774166666665,1705.0978366445918
1704326400,2294.69,2209.72,2201.91,2267.99,446463.6153,525128658.853721,2024-01-04,2292.6014285714286,2271.8779999999997,2161.806333333333,1910.1669166666666,1707.2005077262693
1704412800,2277.21,2267.11,2206.17,2263.57,400883.6895,473232247.785217,2024-01-05,2287.854285714286,2273.6870000000004,2167.891,1915.3071666666667,1709.2765342163357
1704499200,2270.0,2268.78,2216.4,2237.47,192788.8553,214411089.834944,2024-01-06,2279.7785714285715,2275.6115,2173.7395,1920.3120000000001,1711.3680132450334
1704585600,2258.01,2240.77,2203.46,2214.05,203564.4526,226218784.543784,2024-01-07,2270.3985714285714,2275.6155,2179.1231666666663,1925.1349166666666,1713.4296909492275
1704672000,2358.2,2221.42,2166.38,2328.36,535890.5941,628036903.855385,2024-01-08,2267.9214285714284,2283.169,2182.496,1931.0516666666665,1715.7120750551876
1704758400,2371.72,2330.43,2226.78,2338.13,547091.8071,622478946.273202,2024-01-09,2265.2257142857147,2290.2174999999997,2186.8331666666663,1937.6173333333331,1718.0322737306842
1704844800,2643.1,2344.3,2339.59,2582.19,1027341.9882,1293319700.64672,2024-01-10,2318.8228571428567,2307.5375,2195.6588333333334,1945.8500833333333,1720.870949227373
1704931200,2689.39,2584.37,2566.01,2617.63,835372.3,1102747651.26961,2024-01-11,2368.7714285714287,2322.2455,2205.1949999999997,1954.27575,1723.8349889624724
1705017600,2717.32,2618.01,2458.0,2518.67,881456.2412,1138995115.17755,2024-01-12,2405.214285714286,2332.563,2212.8716666666664,1961.717,1726.5120750551876
1705104000,2590.0,2522.55,2497.5,2580.25,419469.4678,552913079.986721,2024-01-13,2454.182857142857,2348.1125,2222.8593333333333,1969.5078333333333,1729.2689183222958
1705190400,2578.69,2578.18,2470.0,2475.3,297285.436,354374320.590592,2024-01-14,2491.504285714286,2358.191,2229.8266666666664,1976.5154166666666,1731.839757174393
1705276800,2553.82,2472.87,2470.92,2516.25,312556.1447,396650632.901335,2024-01-15,2518.3457142857146,2372.6524999999997,2239.053333333333,1983.9851666666666,1734.5575496688743
1705363200,2614.43,2511.79,2500.05,2589.12,377264.0339,509410629.65395,2024-01-16,2554.2014285714286,2383.235,2249.602833333333,1991.9205,1737.441766004415
1705449600,2592.97,2587.41,2506.75,2526.23,363710.9161,456764928.463247,2024-01-17,2546.207142857143,2391.7715,2259.0168333333336,1999.2804166666667,1740.1492273730685
1705536000,2550.0,2530.2,2428.56,2467.99,450327.4548,531076439.547903,2024-01-18,2524.8300000000004,2400.331,2266.6481666666664,2006.3238333333331,1742.697527593819
1705622400,2504.2,2470.81,2415.2,2492.53,422752.1673,509098304.099908,2024-01-19,2521.095714285714,2410.2575,2274.5056666666665,2013.8923333333332,1745.1883222958058
1705708800,2492.0,2491.99,2454.2,2471.94,135221.357,157370438.798247,2024-01-20,2505.6228571428574,2419.869,2283.3171666666667,2021.2069999999999,1747.6791169977923
1705795200,2482.18,2472.02,2452.13,2456.06,120836.5163,149169765.786928,2024-01-21,2502.874285714286,2425.387,2289.8419999999996,2028.4030833333334,1749.8784988962473
1705881600,2466.1,2457.06,2303.59,2313.53,520262.6416,576705317.531643,2024-01-22,2473.914285714286,2423.2135000000003,2294.0438333333336,2034.5199166666666,1751.528454746137
1705968000,2352.23,2314.19,2168.07,2240.5,696181.5749,762703397.865187,2024-01-23,2424.1114285714284,2424.888,2296.722166666667,2039.9597499999998,1753.132097130243
1706054400,2264.6,2242.6,2196.12,2235.18,357462.2708,389159001.429551,2024-01-24,2382.532857142857,2423.2475000000004,2299.2385,2045.3028333333334,1754.6349006622515
1706140800,2242.89,2235.02,2171.3,2220.22,329149.8516,368759980.238662,2024-01-25,2347.137142857143,2421.08,2301.833166666667,2050.4844166666667,1755.9608830022073
1706227200,2282.36,2218.64,2195.84,2267.12,362063.1824,812344424.310726,2024-01-26,2314.9357142857143,2422.5625,2305.8123333333333,2055.59925,1757.4546578366449
1706313600,2282.94,2267.67,2251.4,2267.78,143472.7978,158752393.428561,2024-01-27,2285.77,2425.2490000000003,2309.4795,2060.5976666666666,1758.9890728476819
1706400000,2308.24,2267.94,2239.89,2259.57,208045.5405,236193651.319556,2024-01-28,2257.7,2421.8095000000003,2313.363,2065.5020833333333,1760.492582781457
1706486400,2322.34,2256.9,2233.8,2315.35,303476.1351,368399259.479387,2024-01-29,2257.96,2420.6705,2317.749666666666,2070.3469999999998,1762.251986754967
1706572800,2391.98,2317.61,2297.0,2342.09,367445.605,422047005.572054,2024-01-30,2272.4728571428573,2408.6655,2322.0345,2075.991,1764.0424503311258
1706659200,2351.6,2343.0,2263.57,2286.0,394775.8971,439438019.702386,2024-01-31,2279.7328571428575,2392.084,2324.0440000000003,2081.2346666666667,1765.4579470198673
1706745600,2311.72,2283.15,2240.0,2301.65,309567.3918,358767807.19834,2024-02-01,2291.365714285714,2381.2329999999997,2325.8993333333333,2086.681416666667,1766.9472847682118
1706832000,2324.74,2304.28,2281.94,2306.36,237235.8047,284960824.070958,2024-02-02,2296.9714285714285,2367.5384999999997,2327.0386666666664,2092.4645833333334,1768.5765783664458
1706918400,2329.98,2309.07,2292.75,2294.09,132093.7321,154680199.525934,2024-02-03,2300.73,2358.478,2327.0353333333333,2097.8735,1770.1792052980131
1707004800,2311.0,2296.5,2266.0,2286.25,169791.8873,196120674.52702,2024-02-04,2304.5414285714287,2346.978,2327.932333333333,2103.30975,1772.2796026490064
1707091200,2338.41,2289.79,2269.11,2300.45,235872.3058,274400138.021583,2024-02-05,2302.412857142857,2332.5445,2327.0663333333337,2108.8690833333335,1774.9235761589405
1707177600,2392.4,2301.84,2299.0,2374.73,367087.5898,454263855.762121,2024-02-06,2307.075714285714,2324.9695,2327.288,2115.4931666666666,1777.297637969095
1707264000,2444.44,2372.63,2354.0,2425.75,340624.1636,406089974.077934,2024-02-07,2327.04,2322.8575,2328.7868333333336,2122.6470833333333,1779.8064017660045
1707350400,2463.15,2425.09,2411.01,2421.54,336991.4288,416135301.128466,2024-02-08,2344.167142857143,2319.308,2329.9921666666664,2129.7839166666668,1782.3765783664462
1707436800,2525.0,2419.56,2419.16,2489.73,489807.6174,661038680.483379,2024-02-09,2370.362857142857,2320.1974999999998,2334.448166666667,2137.72,1785.176225165563
1707523200,2516.45,2486.56,2471.57,2498.97,184240.4717,228942816.728559,2024-02-10,2399.6314285714284,2322.343,2339.346,2145.6180833333333,1787.9481677704196
1707609600,2539.63,2500.24,2493.45,2502.46,218650.3213,271438949.141068,2024-02-11,2430.5185714285717,2331.7895,2343.389166666667,2153.512833333333,1790.7058498896247
1707696000,2665.58,2507.22,2472.0,2651.26,444293.0533,592828616.526964,2024-02-12,2480.6342857142854,2352.3275000000003,2348.9333333333334,2162.6286666666665,1793.8738189845474
1707782400,2686.12,2659.99,2590.0,2635.6,500599.8223,661007746.224704,2024-02-13,2517.9014285714284,2372.3485,2355.824666666667,2171.254,1797.0419646799114
1707868800,2786.0,2639.99,2618.4,2781.6,459091.2834,649990111.564434,2024-02-14,2568.7371428571428,2400.4175,2365.0615000000003,2181.390083333333,1800.5055849889625
1707955200,2867.65,2774.8,2759.25,2823.26,479815.7947,680417971.954855,2024-02-15,2626.1257142857144,2428.2245000000003,2375.4661666666666,2191.8854166666665,1804.0499337748345
1708041600,2857.4,2822.58,2740.0,2801.36,374187.0709,514458253.464184,2024-02-16,2670.644285714286,2454.9035,2385.2560000000003,2202.17175,1807.7125165562913
1708128000,2804.21,2801.81,2719.01,2787.26,242326.7476,330754323.796388,2024-02-17,2711.828571428571,2481.2879999999996,2395.4221666666663,2212.0350833333337,1811.4209492273733
1708214400,2895.0,2785.92,2764.25,2872.06,363905.7644,545077485.30321,2024-02-18,2764.628571428572,2509.1235,2406.6704999999997,2222.3950833333333,1815.2453642384107
1708300800,2984.52,2881.2,2856.93,2947.23,441029.1848,655750746.45485,2024-02-19,2806.91,2539.3805,2418.5278333333335,2233.097583333333,1819.1365562913907
1708387200,3033.09,2944.8,2874.56,3009.4,631139.0829,956604822.060222,2024-02-20,2860.3100000000004,2575.5505000000003,2429.96,2243.475,1823.122582781457
1708473600,3017.15,3014.81,2868.0,2971.43,586988.3157,878734553.634684,2024-02-21,2887.4285714285716,2609.0395,2440.945166666667,2253.3821666666668,1827.034569536424
1708560000,3036.02,2967.91,2906.51,2973.42,559578.1991,849728364.613321,2024-02-22,2908.88,2642.3925,2452.6811666666667,2263.288833333333,1830.9370419426048
1708646400,2993.8,2971.4,2906.05,2927.99,427027.434,626262676.145869,2024-02-23,2926.9700000000003,2674.0875,2463.5854999999997,2272.6595833333336,1834.7650993377483
1708732800,3007.48,2922.25,2906.4,2992.01,242583.0898,380707057.540004,2024-02-24,2956.2200000000003,2709.3754999999996,2476.3353333333334,2282.7636666666663,1838.792119205298
1708819200,3122.0,2992.62,2983.61,3114.62,409383.8208,649244939.617968,2024-02-25,2990.871428571428,2750.084,2488.6211666666663,2293.9171666666666,1842.9822516556292
1708905600,3196.0,3112.6,3036.59,3170.49,544260.9954,810792666.29707,2024-02-26,3022.7657142857142,2789.872,2502.2043333333336,2305.3747500000004,1847.1235982339956
1708992000,3288.14,3175.95,3160.02,3243.11,622980.5256,1010785725.3632,2024-02-27,3056.152857142857,2830.74,2517.976166666667,2317.3261666666667,1851.4650993377484
1709078400,3488.0,3242.35,3176.16,3377.53,941594.6477,1573232382.84979,2024-02-28,3114.1671428571426,2878.5395,2536.0350000000003,2330.3396666666663,1856.0609933774836
1709164800,3522.81,3383.11,3300.0,3352.05,756595.5447,1341120341.92751,2024-02-29,3168.2571428571428,2921.6555,2553.9073333333336,2342.8958333333335,1860.722229580574
1709251200,3450.0,3340.1,3338.54,3430.18,410742.4746,676201878.719678,2024-03-01,3239.9985714285713,2968.216,2571.9820000000004,2356.4805833333335,1865.4700662251655
1709337600,3460.04,3433.42,3390.01,3420.02,282197.4234,470074244.658463,2024-03-02,3301.1428571428573,3014.094,2589.699,2369.701,1870.2396247240617
1709424000,3491.8,3421.39,3360.0,3479.36,338226.7013,572922975.125005,2024-03-03,3353.2485714285717,3055.499,2610.9048333333335,2383.235,1875.1138852097129
1709510400,3640.94,3487.8,3423.78,3635.21,707688.5196,1239826705.77023,2024-03-04,3419.637142857143,3105.4795,2633.6918333333333,2397.749083333333,1880.4207947019868
1709596800,3822.04,3627.75,3200.0,3568.8,1387619.4184,2468146056.34453,2024-03-05,3466.1642857142856,3144.8395,2655.4456666666665,2411.668333333333,1885.47293598234
1709683200,3900.0,3553.66,3499.4,3815.01,954605.4743,1779348308.27267,2024-03-06,3528.6614285714286,3194.427,2681.738,2427.7387499999995,1891.1062913907283
1709769600,3933.81,3818.58,3735.0,3862.84,535085.2099,1028160751.24698,2024-03-07,3601.631428571429,3247.5009999999997,2709.2178333333336,2444.1705,1896.8380573951436
1709856000,3993.75,3868.76,3820.0,3878.52,642422.5341,1257201618.56398,2024-03-08,3665.6800000000003,3302.064,2735.053833333333,2458.774916666667,1902.611810154525
1709942400,3942.0,3883.37,3870.01,3907.36,252046.7548,497478031.744658,2024-03-09,3735.3,3353.829,2761.2076666666667,2474.0204166666667,1908.4218763796912
1710028800,3964.67,3905.2,3791.26,3867.55,352236.5657,656856571.08795,2024-03-10,3790.7557142857145,3399.8450000000003,2782.6303333333335,2489.1445833333332,1914.0440838852096
1710115200,4086.23,3878.47,3722.95,4072.99,716989.6085,1314177287.49895,2024-03-11,3853.2957142857144,3453.0245000000004,2806.886333333334,2506.0406666666668,1920.1490507726269
1710201600,4093.92,4064.8,3828.98,3978.2,629107.0105,1255765850.48319,2024-03-12,3911.781428571429,3503.363,2831.2118333333333,2522.04175,1926.135055187638
1710288000,4083.0,3979.97,3932.23,3998.22,478219.6461,979105685.270025,2024-03-13,3937.9542857142856,3554.603,2854.8446666666664,2538.852,1932.3853642384108
1710374400,4010.98,4004.79,3723.0,3882.34,647340.8062,1220284744.3907,2024-03-14,3940.7400000000002,3602.3205000000003,2878.2953333333335,2554.061,1938.3349889624724
1710460800,3934.02,3881.69,3570.0,3740.21,945937.7438,1723345777.03424,2024-03-15,3920.9814285714283,3639.7305,2898.694666666667,2568.8740000000003,1943.979911699779
1710547200,3781.12,3742.19,3468.8,3525.75,546191.577,953238880.032391,2024-03-16,3866.465714285714,3660.2870000000003,2914.305166666667,2581.954,1949.1850551876378
1710633600,3678.68,3523.09,3412.0,3650.62,516594.005,909897139.309414,2024-03-17,3835.475714285714,3684.2934999999998,2933.045,2596.030916666667,1954.5574172185432
1710720000,3645.02,3644.7,3454.09,3526.37,569762.4044,970432687.421725,2024-03-18,3757.387142857143,3698.4564999999993,2950.684666666667,2608.666416666667,1959.6624724061812
1710806400,3548.09,3520.47,3150.88,3170.39,1046139.9532,1605639977.21427,2024-03-19,3641.9857142857145,3688.0994999999994,2961.9823333333334,2618.244,1963.9730242825606
